pwRes_abscissa,pwRes_cdf,iwRes_abscissa,iwRes_cdf,npde_abscissa,npde_cdf,split
-4,0,-4,0,-4,0,All
-1.26974,0.00229885,-2.1447,0.00229885,-2.24164,0.00229885,All
-1.21642,0.0045977,-2.09189,0.0045977,-2.17834,0.0045977,All
-1.18981,0.00689655,-1.9907,0.00689655,-2.10022,0.00689655,All
-1.15313,0.0091954,-1.98532,0.0091954,-2.07,0.0091954,All
-1.13986,0.0114943,-1.92151,0.0114943,-2.02598,0.0114943,All
-1.12978,0.0137931,-1.90478,0.0137931,-1.91576,0.0137931,All
-1.08324,0.016092,-1.80005,0.016092,-1.91168,0.016092,All
-1.06951,0.0183908,-1.75828,0.0183908,-1.89975,0.0183908,All
-1.05659,0.0206897,-1.72609,0.0206897,-1.87439,0.0206897,All
-1.05152,0.0229885,-1.71715,0.0229885,-1.87119,0.0229885,All
-1.05146,0.0252874,-1.71579,0.0252874,-1.86642,0.0252874,All
-1.0488,0.0275862,-1.61772,0.0275862,-1.84779,0.0275862,All
-1.02103,0.0298851,-1.59811,0.0298851,-1.83765,0.0298851,All
-1.0028,0.0321839,-1.58556,0.0321839,-1.80774,0.0321839,All
-0.986425,0.0344828,-1.57572,0.0344828,-1.71824,0.0344828,All
-0.972159,0.0367816,-1.56427,0.0367816,-1.68098,0.0367816,All
-0.938289,0.0390805,-1.53052,0.0390805,-1.67455,0.0390805,All
-0.925464,0.0413793,-1.51383,0.0413793,-1.65687,0.0413793,All
-0.913814,0.0436782,-1.49509,0.0436782,-1.62776,0.0436782,All
-0.857012,0.045977,-1.45282,0.045977,-1.59187,0.045977,All
-0.827482,0.0482759,-1.43858,0.0482759,-1.58487,0.0482759,All
-0.82527,0.0505747,-1.43512,0.0505747,-1.57881,0.0505747,All
-0.822832,0.0528736,-1.42685,0.0528736,-1.5715,0.0528736,All
-0.813638,0.0551724,-1.41412,0.0551724,-1.55893,0.0551724,All
-0.801385,0.0574713,-1.40101,0.0574713,-1.55795,0.0574713,All
-0.773899,0.0597701,-1.39999,0.0597701,-1.55435,0.0597701,All
-0.756496,0.062069,-1.39982,0.062069,-1.55279,0.062069,All
-0.752462,0.0643678,-1.39941,0.0643678,-1.54749,0.0643678,All
-0.736063,0.0666667,-1.36796,0.0666667,-1.54145,0.0666667,All
-0.7152,0.0689655,-1.3649,0.0689655,-1.51735,0.0689655,All
-0.71295,0.0712644,-1.35164,0.0712644,-1.50245,0.0712644,All
-0.704564,0.0735632,-1.34065,0.0735632,-1.48525,0.0735632,All
-0.702352,0.0758621,-1.32517,0.0758621,-1.48123,0.0758621,All
-0.698384,0.0781609,-1.31242,0.0781609,-1.43438,0.0781609,All
-0.69092,0.0804598,-1.29591,0.0804598,-1.43179,0.0804598,All
-0.689654,0.0827586,-1.27495,0.0827586,-1.42719,0.0827586,All
-0.686828,0.0850575,-1.27264,0.0850575,-1.42086,0.0850575,All
-0.686528,0.0873563,-1.25466,0.0873563,-1.40179,0.0873563,All
-0.672503,0.0896552,-1.22719,0.0896552,-1.39765,0.0896552,All
-0.670979,0.091954,-1.21883,0.091954,-1.37709,0.091954,All
-0.652181,0.0942529,-1.21065,0.0942529,-1.36622,0.0942529,All
-0.651086,0.0965517,-1.18534,0.0965517,-1.3379,0.0965517,All
-0.645859,0.0988506,-1.17575,0.0988506,-1.31619,0.0988506,All
-0.644943,0.101149,-1.16466,0.101149,-1.30486,0.101149,All
-0.64395,0.103448,-1.15673,0.103448,-1.29265,0.103448,All
-0.641919,0.105747,-1.1353,0.105747,-1.28033,0.105747,All
-0.640001,0.108046,-1.12529,0.108046,-1.27812,0.108046,All
-0.634033,0.110345,-1.09179,0.110345,-1.27605,0.110345,All
-0.631002,0.112644,-1.08969,0.112644,-1.26599,0.112644,All
-0.62915,0.114943,-1.07902,0.114943,-1.26242,0.114943,All
-0.62904,0.117241,-1.03156,0.117241,-1.25897,0.117241,All
-0.628584,0.11954,-1.02178,0.11954,-1.24792,0.11954,All
-0.626058,0.121839,-0.982859,0.121839,-1.21265,0.121839,All
-0.624,0.124138,-0.950764,0.124138,-1.19138,0.124138,All
-0.622609,0.126437,-0.943,0.126437,-1.18395,0.126437,All
-0.617904,0.128736,-0.927416,0.128736,-1.18253,0.128736,All
-0.617757,0.131034,-0.917446,0.131034,-1.1653,0.131034,All
-0.617202,0.133333,-0.90642,0.133333,-1.16185,0.133333,All
-0.615192,0.135632,-0.84715,0.135632,-1.15739,0.135632,All
-0.615036,0.137931,-0.841169,0.137931,-1.13859,0.137931,All
-0.611208,0.14023,-0.820509,0.14023,-1.12143,0.14023,All
-0.610133,0.142529,-0.770344,0.142529,-1.11886,0.142529,All
-0.609504,0.144828,-0.767444,0.144828,-1.10668,0.144828,All
-0.607938,0.147126,-0.758296,0.147126,-1.09593,0.147126,All
-0.601663,0.149425,-0.744563,0.149425,-1.09304,0.149425,All
-0.599992,0.151724,-0.728814,0.151724,-1.09144,0.151724,All
-0.598841,0.154023,-0.725296,0.154023,-1.07472,0.154023,All
-0.596105,0.156322,-0.724812,0.156322,-1.06824,0.156322,All
-0.592605,0.158621,-0.695286,0.158621,-1.04957,0.158621,All
-0.592171,0.16092,-0.690554,0.16092,-1.03497,0.16092,All
-0.589949,0.163218,-0.688271,0.163218,-1.02489,0.163218,All
-0.586325,0.165517,-0.664141,0.165517,-1.01552,0.165517,All
-0.585994,0.167816,-0.659375,0.167816,-1.00861,0.167816,All
-0.584541,0.170115,-0.653445,0.170115,-1.00101,0.170115,All
-0.575547,0.172414,-0.653402,0.172414,-0.999912,0.172414,All
-0.57502,0.174713,-0.648729,0.174713,-0.998282,0.174713,All
-0.57059,0.177011,-0.639613,0.177011,-0.996259,0.177011,All
-0.568245,0.17931,-0.634517,0.17931,-0.995737,0.17931,All
-0.564995,0.181609,-0.627497,0.181609,-0.992411,0.181609,All
-0.562756,0.183908,-0.62617,0.183908,-0.987586,0.183908,All
-0.555691,0.186207,-0.618943,0.186207,-0.958651,0.186207,All
-0.551064,0.188506,-0.606515,0.188506,-0.941278,0.188506,All
-0.547297,0.190805,-0.588828,0.190805,-0.938784,0.190805,All
-0.546761,0.193103,-0.583118,0.193103,-0.936461,0.193103,All
-0.544752,0.195402,-0.576169,0.195402,-0.922274,0.195402,All
-0.542763,0.197701,-0.572804,0.197701,-0.921869,0.197701,All
-0.540227,0.2,-0.554789,0.2,-0.909655,0.2,All
-0.532614,0.202299,-0.547605,0.202299,-0.897236,0.202299,All
-0.528915,0.204598,-0.543376,0.204598,-0.853461,0.204598,All
-0.520179,0.206897,-0.539917,0.206897,-0.829313,0.206897,All
-0.519492,0.209195,-0.538846,0.209195,-0.82211,0.209195,All
-0.519097,0.211494,-0.534765,0.211494,-0.820225,0.211494,All
-0.517821,0.213793,-0.507704,0.213793,-0.806733,0.213793,All
-0.514811,0.216092,-0.500794,0.216092,-0.803805,0.216092,All
-0.514802,0.218391,-0.49488,0.218391,-0.803599,0.218391,All
-0.511606,0.22069,-0.489926,0.22069,-0.759327,0.22069,All
-0.502242,0.222989,-0.481685,0.222989,-0.749518,0.222989,All
-0.499427,0.225287,-0.47462,0.225287,-0.730955,0.225287,All
-0.497433,0.227586,-0.449329,0.227586,-0.723236,0.227586,All
-0.493186,0.229885,-0.447888,0.229885,-0.701081,0.229885,All
-0.492499,0.232184,-0.440026,0.232184,-0.678428,0.232184,All
-0.488695,0.234483,-0.431115,0.234483,-0.671707,0.234483,All
-0.483982,0.236782,-0.427279,0.236782,-0.653736,0.236782,All
-0.483136,0.23908,-0.420166,0.23908,-0.649015,0.23908,All
-0.475363,0.241379,-0.406267,0.241379,-0.641546,0.241379,All
-0.474417,0.243678,-0.395416,0.243678,-0.633008,0.243678,All
-0.471736,0.245977,-0.393583,0.245977,-0.632503,0.245977,All
-0.470666,0.248276,-0.388928,0.248276,-0.629956,0.248276,All
-0.46967,0.250575,-0.386884,0.250575,-0.618474,0.250575,All
-0.469026,0.252874,-0.367299,0.252874,-0.616441,0.252874,All
-0.468282,0.255172,-0.349701,0.255172,-0.603775,0.255172,All
-0.466597,0.257471,-0.345783,0.257471,-0.602797,0.257471,All
-0.466317,0.25977,-0.336162,0.25977,-0.602412,0.25977,All
-0.465134,0.262069,-0.3231,0.262069,-0.598102,0.262069,All
-0.46406,0.264368,-0.322686,0.264368,-0.588714,0.264368,All
-0.463987,0.266667,-0.315691,0.266667,-0.579205,0.266667,All
-0.462872,0.268966,-0.296994,0.268966,-0.578757,0.268966,All
-0.462832,0.271264,-0.292196,0.271264,-0.551721,0.271264,All
-0.461566,0.273563,-0.290565,0.273563,-0.546261,0.273563,All
-0.460919,0.275862,-0.281118,0.275862,-0.545635,0.275862,All
-0.459665,0.278161,-0.273018,0.278161,-0.540572,0.278161,All
-0.455541,0.28046,-0.272365,0.28046,-0.538227,0.28046,All
-0.453379,0.282759,-0.270006,0.282759,-0.536053,0.282759,All
-0.452896,0.285057,-0.268627,0.285057,-0.534979,0.285057,All
-0.451818,0.287356,-0.267323,0.287356,-0.532319,0.287356,All
-0.449058,0.289655,-0.244738,0.289655,-0.522113,0.289655,All
-0.443671,0.291954,-0.242204,0.291954,-0.522037,0.291954,All
-0.440027,0.294253,-0.235717,0.294253,-0.519605,0.294253,All
-0.435055,0.296552,-0.23142,0.296552,-0.516534,0.296552,All
-0.434966,0.298851,-0.221726,0.298851,-0.510163,0.298851,All
-0.434565,0.301149,-0.214696,0.301149,-0.506541,0.301149,All
-0.434418,0.303448,-0.203571,0.303448,-0.501118,0.303448,All
-0.432538,0.305747,-0.187568,0.305747,-0.487593,0.305747,All
-0.432076,0.308046,-0.183301,0.308046,-0.486897,0.308046,All
-0.430671,0.310345,-0.182929,0.310345,-0.482612,0.310345,All
-0.430517,0.312644,-0.173201,0.312644,-0.4812,0.312644,All
-0.429559,0.314943,-0.166286,0.314943,-0.477486,0.314943,All
-0.419887,0.317241,-0.163048,0.317241,-0.468642,0.317241,All
-0.41906,0.31954,-0.152313,0.31954,-0.463704,0.31954,All
-0.416577,0.321839,-0.139405,0.321839,-0.433712,0.321839,All
-0.416524,0.324138,-0.13345,0.324138,-0.423162,0.324138,All
-0.415273,0.326437,-0.132738,0.326437,-0.418151,0.326437,All
-0.414237,0.328736,-0.124947,0.328736,-0.401231,0.328736,All
-0.411803,0.331034,-0.122032,0.331034,-0.358601,0.331034,All
-0.406262,0.333333,-0.120596,0.333333,-0.346299,0.333333,All
-0.402684,0.335632,-0.112562,0.335632,-0.340135,0.335632,All
-0.401569,0.337931,-0.0740232,0.337931,-0.334194,0.337931,All
-0.400756,0.34023,-0.0694711,0.34023,-0.332268,0.34023,All
-0.400383,0.342529,-0.0606499,0.342529,-0.322981,0.342529,All
-0.399561,0.344828,-0.060271,0.344828,-0.32188,0.344828,All
-0.399133,0.347126,-0.059018,0.347126,-0.315305,0.347126,All
-0.398807,0.349425,-0.0464953,0.349425,-0.302496,0.349425,All
-0.396712,0.351724,-0.0443767,0.351724,-0.291841,0.351724,All
-0.395919,0.354023,-0.0438458,0.354023,-0.283556,0.354023,All
-0.39454,0.356322,-0.0428597,0.356322,-0.275877,0.356322,All
-0.391962,0.358621,-0.0360991,0.358621,-0.271356,0.358621,All
-0.389452,0.36092,-0.0155322,0.36092,-0.271034,0.36092,All
-0.38924,0.363218,-0.0134917,0.363218,-0.269422,0.363218,All
-0.388341,0.365517,-0.0133879,0.365517,-0.268388,0.365517,All
-0.388178,0.367816,-0.00876347,0.367816,-0.266714,0.367816,All
-0.387856,0.370115,-0.00648263,0.370115,-0.263812,0.370115,All
-0.386752,0.372414,-0.00373776,0.372414,-0.262645,0.372414,All
-0.386624,0.374713,0.00551256,0.374713,-0.258185,0.374713,All
-0.386123,0.377011,0.0110738,0.377011,-0.245324,0.377011,All
-0.382666,0.37931,0.0115592,0.37931,-0.245226,0.37931,All
-0.381776,0.381609,0.012381,0.381609,-0.242815,0.381609,All
-0.377008,0.383908,0.0182335,0.383908,-0.24278,0.383908,All
-0.376997,0.386207,0.0231214,0.386207,-0.236058,0.386207,All
-0.375867,0.388506,0.0260066,0.388506,-0.23287,0.388506,All
-0.373463,0.390805,0.0271355,0.390805,-0.232625,0.390805,All
-0.37318,0.393103,0.0273553,0.393103,-0.230086,0.393103,All
-0.372939,0.395402,0.029506,0.395402,-0.225418,0.395402,All
-0.371326,0.397701,0.0354886,0.397701,-0.224463,0.397701,All
-0.370322,0.4,0.0371268,0.4,-0.201853,0.4,All
-0.369951,0.402299,0.0371771,0.402299,-0.195997,0.402299,All
-0.366999,0.404598,0.0417354,0.404598,-0.193132,0.404598,All
-0.366799,0.406897,0.0432411,0.406897,-0.189547,0.406897,All
-0.366391,0.409195,0.0435476,0.409195,-0.186111,0.409195,All
-0.365847,0.411494,0.0553699,0.411494,-0.179103,0.411494,All
-0.365472,0.413793,0.0565719,0.413793,-0.168341,0.413793,All
-0.362223,0.416092,0.0578736,0.416092,-0.16492,0.416092,All
-0.362185,0.418391,0.0579684,0.418391,-0.160044,0.418391,All
-0.362101,0.42069,0.0579983,0.42069,-0.154407,0.42069,All
-0.360756,0.422989,0.0621124,0.422989,-0.152461,0.422989,All
-0.360586,0.425287,0.0626193,0.425287,-0.141447,0.425287,All
-0.358702,0.427586,0.0638661,0.427586,-0.135669,0.427586,All
-0.3577,0.429885,0.0644291,0.429885,-0.134,0.429885,All
-0.357073,0.432184,0.0651213,0.432184,-0.133888,0.432184,All
-0.35576,0.434483,0.077385,0.434483,-0.13213,0.434483,All
-0.354548,0.436782,0.0804346,0.436782,-0.13016,0.436782,All
-0.353192,0.43908,0.082864,0.43908,-0.108106,0.43908,All
-0.352433,0.441379,0.0873757,0.441379,-0.102002,0.441379,All
-0.351087,0.443678,0.0946496,0.443678,-0.101914,0.443678,All
-0.350657,0.445977,0.0991049,0.445977,-0.0985652,0.445977,All
-0.350198,0.448276,0.101778,0.448276,-0.0951119,0.448276,All
-0.348028,0.450575,0.109253,0.450575,-0.0936189,0.450575,All
-0.347537,0.452874,0.110288,0.452874,-0.0839939,0.452874,All
-0.346963,0.455172,0.111412,0.455172,-0.0839622,0.455172,All
-0.344503,0.457471,0.111429,0.457471,-0.0726654,0.457471,All
-0.344027,0.45977,0.114174,0.45977,-0.0721952,0.45977,All
-0.341893,0.462069,0.114705,0.462069,-0.0713018,0.462069,All
-0.34088,0.464368,0.130789,0.464368,-0.0710436,0.464368,All
-0.340639,0.466667,0.137122,0.466667,-0.0681039,0.466667,All
-0.337617,0.468966,0.142111,0.468966,-0.067471,0.468966,All
-0.33374,0.471264,0.146848,0.471264,-0.062764,0.471264,All
-0.33355,0.473563,0.149507,0.473563,-0.0590814,0.473563,All
-0.33272,0.475862,0.15288,0.475862,-0.0585363,0.475862,All
-0.329894,0.478161,0.160526,0.478161,-0.0567901,0.478161,All
-0.32964,0.48046,0.179907,0.48046,-0.0537035,0.48046,All
-0.328148,0.482759,0.182992,0.482759,-0.0467979,0.482759,All
-0.326536,0.485057,0.191451,0.485057,-0.0465929,0.485057,All
-0.325025,0.487356,0.197218,0.487356,-0.0441296,0.487356,All
-0.324193,0.489655,0.197364,0.489655,-0.037809,0.489655,All
-0.318447,0.491954,0.202292,0.491954,-0.0192607,0.491954,All
-0.317606,0.494253,0.203119,0.494253,-0.019148,0.494253,All
-0.317217,0.496552,0.221671,0.496552,-0.0151777,0.496552,All
-0.31635,0.498851,0.227079,0.498851,-0.0131839,0.498851,All
-0.312572,0.501149,0.229418,0.501149,-0.0127318,0.501149,All
-0.303673,0.503448,0.23122,0.503448,0.00182488,0.503448,All
-0.301526,0.505747,0.237935,0.505747,0.00449951,0.505747,All
-0.300821,0.508046,0.239995,0.508046,0.00528006,0.508046,All
-0.300373,0.510345,0.240087,0.510345,0.00533422,0.510345,All
-0.294172,0.512644,0.247174,0.512644,0.0068523,0.512644,All
-0.292208,0.514943,0.255995,0.514943,0.0073025,0.514943,All
-0.289893,0.517241,0.264063,0.517241,0.00924962,0.517241,All
-0.289775,0.51954,0.279333,0.51954,0.0139043,0.51954,All
-0.289315,0.521839,0.281629,0.521839,0.0278916,0.521839,All
-0.285374,0.524138,0.283759,0.524138,0.0344576,0.524138,All
-0.285205,0.526437,0.294936,0.526437,0.0452011,0.526437,All
-0.275391,0.528736,0.296987,0.528736,0.0518765,0.528736,All
-0.273499,0.531034,0.297272,0.531034,0.0572056,0.531034,All
-0.273143,0.533333,0.299317,0.533333,0.0635908,0.533333,All
-0.27013,0.535632,0.3105,0.535632,0.0801572,0.535632,All
-0.266424,0.537931,0.311921,0.537931,0.105513,0.537931,All
-0.256344,0.54023,0.317292,0.54023,0.120703,0.54023,All
-0.24597,0.542529,0.331624,0.542529,0.125523,0.542529,All
-0.243657,0.544828,0.336267,0.544828,0.126458,0.544828,All
-0.23584,0.547126,0.33644,0.547126,0.128856,0.547126,All
-0.232345,0.549425,0.340967,0.549425,0.134008,0.549425,All
-0.221935,0.551724,0.343264,0.551724,0.137117,0.551724,All
-0.221878,0.554023,0.34993,0.554023,0.139403,0.554023,All
-0.216117,0.556322,0.357639,0.556322,0.139636,0.556322,All
-0.215017,0.558621,0.359963,0.558621,0.142793,0.558621,All
-0.20417,0.56092,0.362578,0.56092,0.152157,0.56092,All
-0.197943,0.563218,0.365154,0.563218,0.154125,0.563218,All
-0.19289,0.565517,0.366366,0.565517,0.175355,0.565517,All
-0.191491,0.567816,0.3744,0.567816,0.180777,0.567816,All
-0.183351,0.570115,0.380477,0.570115,0.180808,0.570115,All
-0.180773,0.572414,0.383778,0.572414,0.195222,0.572414,All
-0.179595,0.574713,0.392439,0.574713,0.20317,0.574713,All
-0.177941,0.577011,0.396587,0.577011,0.203629,0.577011,All
-0.173762,0.57931,0.398053,0.57931,0.226408,0.57931,All
-0.166667,0.581609,0.399615,0.581609,0.24339,0.581609,All
-0.158979,0.583908,0.402103,0.583908,0.243871,0.583908,All
-0.15821,0.586207,0.40638,0.586207,0.245184,0.586207,All
-0.153734,0.588506,0.407442,0.588506,0.245336,0.588506,All
-0.153718,0.590805,0.410172,0.590805,0.272254,0.590805,All
-0.150435,0.593103,0.42608,0.593103,0.289591,0.593103,All
-0.150203,0.595402,0.428102,0.595402,0.29606,0.595402,All
-0.14872,0.597701,0.430808,0.597701,0.297696,0.597701,All
-0.144428,0.6,0.431981,0.6,0.299422,0.6,All
-0.137817,0.602299,0.433531,0.602299,0.306595,0.602299,All
-0.136784,0.604598,0.436068,0.604598,0.311411,0.604598,All
-0.135653,0.606897,0.436983,0.606897,0.31492,0.606897,All
-0.125794,0.609195,0.438717,0.609195,0.338225,0.609195,All
-0.122868,0.611494,0.449159,0.611494,0.340358,0.611494,All
-0.116609,0.613793,0.465156,0.613793,0.341114,0.613793,All
-0.116346,0.616092,0.465438,0.616092,0.358544,0.616092,All
-0.112748,0.618391,0.471969,0.618391,0.381328,0.618391,All
-0.107491,0.62069,0.475464,0.62069,0.383504,0.62069,All
-0.101834,0.622989,0.476541,0.622989,0.38504,0.622989,All
-0.0994895,0.625287,0.480848,0.625287,0.394585,0.625287,All
-0.0912879,0.627586,0.48427,0.627586,0.395166,0.627586,All
-0.0865296,0.629885,0.486093,0.629885,0.401075,0.629885,All
-0.086211,0.632184,0.491293,0.632184,0.401264,0.632184,All
-0.0775068,0.634483,0.491424,0.634483,0.407252,0.634483,All
-0.0714892,0.636782,0.494924,0.636782,0.412449,0.636782,All
-0.0680313,0.63908,0.495422,0.63908,0.412788,0.63908,All
-0.0663084,0.641379,0.500125,0.641379,0.416309,0.641379,All
-0.063755,0.643678,0.501496,0.643678,0.426492,0.643678,All
-0.0628171,0.645977,0.502043,0.645977,0.428469,0.645977,All
-0.0581116,0.648276,0.506007,0.648276,0.430239,0.648276,All
-0.057206,0.650575,0.517859,0.650575,0.432485,0.650575,All
-0.0555766,0.652874,0.520014,0.652874,0.451532,0.652874,All
-0.0491283,0.655172,0.521543,0.655172,0.453369,0.655172,All
-0.0488516,0.657471,0.524017,0.657471,0.467707,0.657471,All
-0.032727,0.65977,0.528831,0.65977,0.475014,0.65977,All
-0.0294438,0.662069,0.530615,0.662069,0.479025,0.662069,All
-0.0159606,0.664368,0.543577,0.664368,0.490409,0.664368,All
-0.0156827,0.666667,0.544794,0.666667,0.522098,0.666667,All
-0.00956162,0.668966,0.545947,0.668966,0.52246,0.668966,All
-0.00328906,0.671264,0.546212,0.671264,0.523958,0.671264,All
0.00539696,0.673563,0.548303,0.673563,0.525474,0.673563,All
0.00714746,0.675862,0.548501,0.675862,0.532448,0.675862,All
0.0100765,0.678161,0.54982,0.678161,0.535509,0.678161,All
0.0145957,0.68046,0.550769,0.68046,0.53725,0.68046,All
0.015152,0.682759,0.554652,0.682759,0.537308,0.682759,All
0.0261773,0.685057,0.555375,0.685057,0.540955,0.685057,All
0.0312722,0.687356,0.557876,0.687356,0.546647,0.687356,All
0.0398633,0.689655,0.559167,0.689655,0.556253,0.689655,All
0.0423944,0.691954,0.560394,0.691954,0.556504,0.691954,All
0.0435442,0.694253,0.562317,0.694253,0.561492,0.694253,All
0.0436163,0.696552,0.575989,0.696552,0.562394,0.696552,All
0.048583,0.698851,0.589745,0.698851,0.592142,0.698851,All
0.050149,0.701149,0.591914,0.701149,0.593071,0.701149,All
0.0518785,0.703448,0.592428,0.703448,0.597068,0.703448,All
0.0531083,0.705747,0.593198,0.705747,0.604394,0.705747,All
0.0568995,0.708046,0.593807,0.708046,0.626477,0.708046,All
0.0665679,0.710345,0.606581,0.710345,0.630758,0.710345,All
0.0683717,0.712644,0.60848,0.712644,0.640418,0.712644,All
0.0691713,0.714943,0.614389,0.714943,0.644975,0.714943,All
0.0705619,0.717241,0.623267,0.717241,0.651663,0.717241,All
0.0768198,0.71954,0.632816,0.71954,0.658509,0.71954,All
0.0774629,0.721839,0.638445,0.721839,0.666318,0.721839,All
0.0810498,0.724138,0.639052,0.724138,0.676987,0.724138,All
0.0870176,0.726437,0.639542,0.726437,0.683249,0.726437,All
0.0903463,0.728736,0.640873,0.728736,0.695251,0.728736,All
0.0915769,0.731034,0.649617,0.731034,0.700648,0.731034,All
0.0935941,0.733333,0.651079,0.733333,0.703406,0.733333,All
0.0964629,0.735632,0.652575,0.735632,0.708594,0.735632,All
0.0970136,0.737931,0.657872,0.737931,0.712336,0.737931,All
0.113638,0.74023,0.661127,0.74023,0.75095,0.74023,All
0.121501,0.742529,0.66357,0.742529,0.753089,0.742529,All
0.125195,0.744828,0.668086,0.744828,0.753472,0.744828,All
0.145814,0.747126,0.677151,0.747126,0.757923,0.747126,All
0.157872,0.749425,0.68313,0.749425,0.759383,0.749425,All
0.16525,0.751724,0.693605,0.751724,0.763347,0.751724,All
0.172866,0.754023,0.69362,0.754023,0.76492,0.754023,All
0.19096,0.756322,0.695876,0.756322,0.767287,0.756322,All
0.194199,0.758621,0.701386,0.758621,0.773578,0.758621,All
0.208574,0.76092,0.706448,0.76092,0.77733,0.76092,All
0.219233,0.763218,0.70933,0.763218,0.785478,0.763218,All
0.224359,0.765517,0.714548,0.765517,0.787046,0.765517,All
0.232575,0.767816,0.71887,0.767816,0.799535,0.767816,All
0.23321,0.770115,0.726034,0.770115,0.800976,0.770115,All
0.258359,0.772414,0.729516,0.772414,0.803077,0.772414,All
0.259375,0.774713,0.732529,0.774713,0.817217,0.774713,All
0.262019,0.777011,0.737085,0.777011,0.819096,0.777011,All
0.263759,0.77931,0.738294,0.77931,0.825596,0.77931,All
0.266597,0.781609,0.739861,0.781609,0.826267,0.781609,All
0.271723,0.783908,0.741159,0.783908,0.83882,0.783908,All
0.291895,0.786207,0.745197,0.786207,0.843413,0.786207,All
0.305443,0.788506,0.748456,0.788506,0.844763,0.788506,All
0.341236,0.790805,0.749362,0.790805,0.851642,0.790805,All
0.358961,0.793103,0.755906,0.793103,0.859569,0.793103,All
0.371259,0.795402,0.762209,0.795402,0.861301,0.795402,All
0.371966,0.797701,0.762668,0.797701,0.868089,0.797701,All
0.372059,0.8,0.770009,0.8,0.872386,0.8,All
0.373107,0.802299,0.770099,0.802299,0.872691,0.802299,All
0.383198,0.804598,0.778226,0.804598,0.873434,0.804598,All
0.408224,0.806897,0.796055,0.806897,0.882259,0.806897,All
0.409262,0.809195,0.800913,0.809195,0.884349,0.809195,All
0.415141,0.811494,0.801156,0.811494,0.89719,0.811494,All
0.416854,0.813793,0.806662,0.813793,0.907025,0.813793,All
0.418453,0.816092,0.814786,0.816092,0.921443,0.816092,All
0.422568,0.818391,0.815074,0.818391,0.925107,0.818391,All
0.434278,0.82069,0.817303,0.82069,0.925628,0.82069,All
0.434469,0.822989,0.826228,0.822989,0.928988,0.822989,All
0.446497,0.825287,0.831353,0.825287,0.931411,0.825287,All
0.448792,0.827586,0.83168,0.827586,0.937377,0.827586,All
0.450389,0.829885,0.839974,0.829885,0.948937,0.829885,All
0.486445,0.832184,0.855432,0.832184,0.956082,0.832184,All
0.499374,0.834483,0.856691,0.834483,0.962684,0.834483,All
0.501567,0.836782,0.857063,0.836782,0.990406,0.836782,All
0.506804,0.83908,0.866856,0.83908,0.995447,0.83908,All
0.508179,0.841379,0.868796,0.841379,1.00307,0.841379,All
0.517207,0.843678,0.883445,0.843678,1.0123,0.843678,All
0.522224,0.845977,0.886673,0.845977,1.02743,0.845977,All
0.528986,0.848276,0.903976,0.848276,1.03496,0.848276,All
0.550612,0.850575,0.906559,0.850575,1.03779,0.850575,All
0.612381,0.852874,0.90765,0.852874,1.03821,0.852874,All
0.642711,0.855172,0.908609,0.855172,1.04186,0.855172,All
0.691614,0.857471,0.917398,0.857471,1.04754,0.857471,All
0.691964,0.85977,0.917589,0.85977,1.06122,0.85977,All
0.710788,0.862069,0.917731,0.862069,1.06142,0.862069,All
0.781102,0.864368,0.918196,0.864368,1.07886,0.864368,All
0.781763,0.866667,0.941821,0.866667,1.08409,0.866667,All
0.782594,0.868966,0.96326,0.868966,1.08453,0.868966,All
0.795546,0.871264,0.967922,0.871264,1.09714,0.871264,All
0.799331,0.873563,0.974049,0.873563,1.10041,0.873563,All
0.803814,0.875862,0.97775,0.875862,1.10442,0.875862,All
0.854359,0.878161,0.984109,0.878161,1.1306,0.878161,All
0.891564,0.88046,0.988785,0.88046,1.14106,0.88046,All
0.906474,0.882759,0.989244,0.882759,1.16633,0.882759,All
0.923127,0.885057,0.995236,0.885057,1.17462,0.885057,All
0.936831,0.887356,0.997241,0.887356,1.18601,0.887356,All
0.943139,0.889655,0.997885,0.889655,1.19584,0.889655,All
0.98119,0.891954,0.999178,0.891954,1.21157,0.891954,All
1.0037,0.894253,1.00363,0.894253,1.21425,0.894253,All
1.00944,0.896552,1.00417,0.896552,1.21826,0.896552,All
1.02219,0.898851,1.02331,0.898851,1.23031,0.898851,All
1.02233,0.901149,1.02353,0.901149,1.23932,0.901149,All
1.02498,0.903448,1.03939,0.903448,1.24454,0.903448,All
1.05282,0.905747,1.07048,0.905747,1.27447,0.905747,All
1.08337,0.908046,1.0774,0.908046,1.29452,0.908046,All
1.08716,0.910345,1.08167,0.910345,1.29526,0.910345,All
1.08945,0.912644,1.08994,0.912644,1.31271,0.912644,All
1.09502,0.914943,1.13345,0.914943,1.31596,0.914943,All
1.13636,0.917241,1.13447,0.917241,1.31986,0.917241,All
1.15261,0.91954,1.1946,0.91954,1.32816,0.91954,All
1.15626,0.921839,1.19499,0.921839,1.33857,0.921839,All
1.15685,0.924138,1.20312,0.924138,1.33917,0.924138,All
1.17366,0.926437,1.2371,0.926437,1.34615,0.926437,All
1.1783,0.928736,1.24484,0.928736,1.34898,0.928736,All
1.21348,0.931034,1.25865,0.931034,1.37794,0.931034,All
1.22393,0.933333,1.27524,0.933333,1.38376,0.933333,All
1.26052,0.935632,1.28614,0.935632,1.41704,0.935632,All
1.33411,0.937931,1.3018,0.937931,1.42267,0.937931,All
1.45721,0.94023,1.33433,0.94023,1.46259,0.94023,All
1.45894,0.942529,1.36121,0.942529,1.46441,0.942529,All
1.48385,0.944828,1.37319,0.944828,1.47624,0.944828,All
1.48414,0.947126,1.37562,0.947126,1.47783,0.947126,All
1.49644,0.949425,1.3843,0.949425,1.53497,0.949425,All
1.50237,0.951724,1.41341,0.951724,1.55867,0.951724,All
1.52229,0.954023,1.42039,0.954023,1.58767,0.954023,All
1.53037,0.956322,1.45064,0.956322,1.58797,0.956322,All
1.55918,0.958621,1.50601,0.958621,1.63137,0.958621,All
1.7177,0.96092,1.52709,0.96092,1.66252,0.96092,All
1.72815,0.963218,1.52986,0.963218,1.7463,0.963218,All
1.78305,0.965517,1.59745,0.965517,1.75837,0.965517,All
1.79223,0.967816,1.60223,0.967816,1.76545,0.967816,All
1.7946,0.970115,1.65185,0.970115,1.81303,0.970115,All
1.93798,0.972414,1.68618,0.972414,1.85567,0.972414,All
2.36752,0.974713,1.69422,0.974713,1.86134,0.974713,All
2.41207,0.977011,1.69464,0.977011,1.86786,0.977011,All
2.5836,0.97931,1.74596,0.97931,1.87199,0.97931,All
2.61683,0.981609,1.75602,0.981609,1.96374,0.981609,All
2.7553,0.983908,1.76581,0.983908,2.01576,0.983908,All
2.77225,0.986207,1.83268,0.986207,2.04823,0.986207,All
2.95016,0.988506,1.86385,0.988506,2.07288,0.988506,All
3.07127,0.990805,1.86813,0.990805,2.11069,0.990805,All
3.96444,0.993103,1.92217,0.993103,2.12517,0.993103,All
4.22191,0.995402,1.97888,0.995402,2.54217,0.995402,All
5.35898,0.997701,1.98498,0.997701,2.58584,0.997701,All
5.50071,1,2.09829,1,2.82928,1,All
,,4,1,4,1,All
