standEta_CL_abscissa,standEta_CL_cdf,standEta_Vc_abscissa,standEta_Vc_cdf,standEta_Q1_abscissa,standEta_Q1_cdf,standEta_Vp1_abscissa,standEta_Vp1_cdf,split
-4,0,-4,0,-4,0,-4,0,All
-2.90266,0.0147059,-2.47236,0.0147059,-1.80746,0.0147059,-1.53634,0.0147059,All
-1.55752,0.0294118,-1.25639,0.0294118,-1.6826,0.0294118,-1.2066,0.0294118,All
-1.46942,0.0441176,-1.0712,0.0441176,-1.6336,0.0441176,-1.11057,0.0441176,All
-1.43005,0.0588235,-0.996281,0.0588235,-1.34439,0.0588235,-1.09575,0.0588235,All
-1.2073,0.0735294,-0.862971,0.0735294,-1.16651,0.0735294,-1.07383,0.0735294,All
-1.11152,0.0882353,-0.831037,0.0882353,-1.12668,0.0882353,-0.855218,0.0882353,All
-1.09567,0.102941,-0.770474,0.102941,-1.0935,0.102941,-0.595205,0.102941,All
-1.0705,0.117647,-0.752833,0.117647,-1.08384,0.117647,-0.588277,0.117647,All
-0.8208,0.132353,-0.689363,0.132353,-1.05876,0.132353,-0.443895,0.132353,All
-0.7857,0.147059,-0.682752,0.147059,-1.00853,0.147059,-0.423228,0.147059,All
-0.735646,0.161765,-0.615947,0.161765,-0.933805,0.161765,-0.376764,0.161765,All
-0.676318,0.176471,-0.562759,0.176471,-0.898427,0.176471,-0.369113,0.176471,All
-0.672447,0.191176,-0.535288,0.191176,-0.867664,0.191176,-0.365082,0.191176,All
-0.669071,0.205882,-0.503407,0.205882,-0.805777,0.205882,-0.351571,0.205882,All
-0.600262,0.220588,-0.483353,0.220588,-0.790708,0.220588,-0.299403,0.220588,All
-0.564084,0.235294,-0.479815,0.235294,-0.702979,0.235294,-0.279187,0.235294,All
-0.557476,0.25,-0.478011,0.25,-0.680146,0.25,-0.228132,0.25,All
-0.498077,0.264706,-0.459902,0.264706,-0.673188,0.264706,-0.227011,0.264706,All
-0.493941,0.279412,-0.422156,0.279412,-0.617863,0.279412,-0.216776,0.279412,All
-0.484828,0.294118,-0.310172,0.294118,-0.593726,0.294118,-0.168127,0.294118,All
-0.476737,0.308824,-0.279325,0.308824,-0.566359,0.308824,-0.153754,0.308824,All
-0.449055,0.323529,-0.256719,0.323529,-0.520447,0.323529,-0.145132,0.323529,All
-0.448489,0.338235,-0.231231,0.338235,-0.48086,0.338235,-0.126495,0.338235,All
-0.36197,0.352941,-0.195606,0.352941,-0.456568,0.352941,-0.107659,0.352941,All
-0.275756,0.367647,-0.181232,0.367647,-0.455391,0.367647,-0.102314,0.367647,All
-0.265611,0.382353,-0.165068,0.382353,-0.408299,0.382353,-0.05877,0.382353,All
-0.211588,0.397059,-0.155492,0.397059,-0.397944,0.397059,-0.0220112,0.397059,All
-0.105514,0.411765,-0.15329,0.411765,-0.347824,0.411765,-0.0117726,0.411765,All
-0.0991808,0.426471,-0.150819,0.426471,-0.342279,0.426471,0.00225583,0.426471,All
-0.0551479,0.441176,-0.148676,0.441176,-0.319642,0.441176,0.00407778,0.441176,All
0.00677581,0.455882,-0.142727,0.455882,-0.269002,0.455882,0.0465051,0.455882,All
0.0131168,0.470588,-0.140498,0.470588,-0.241529,0.470588,0.0522193,0.470588,All
0.040852,0.485294,-0.110752,0.485294,-0.218863,0.485294,0.0526397,0.485294,All
0.0566047,0.5,-0.0803794,0.5,-0.216308,0.5,0.0548714,0.5,All
0.0809342,0.514706,-0.0791234,0.514706,-0.189245,0.514706,0.0668373,0.514706,All
0.0860462,0.529412,-0.0763653,0.529412,-0.161472,0.529412,0.0686326,0.529412,All
0.152094,0.544118,-0.0633361,0.544118,-0.154347,0.544118,0.0715608,0.544118,All
0.193887,0.558824,-0.0387518,0.558824,-0.15354,0.558824,0.0961998,0.558824,All
0.216914,0.573529,-0.0298844,0.573529,-0.0821007,0.573529,0.111329,0.573529,All
0.221982,0.588235,-0.0125,0.588235,-0.0746868,0.588235,0.120129,0.588235,All
0.260211,0.602941,0.00977908,0.602941,-0.0484215,0.602941,0.124766,0.602941,All
0.261284,0.617647,0.0282621,0.617647,0.0116262,0.617647,0.130084,0.617647,All
0.310943,0.632353,0.0423909,0.632353,0.0542196,0.632353,0.14795,0.632353,All
0.311213,0.647059,0.0702235,0.647059,0.0994316,0.647059,0.148169,0.647059,All
0.389711,0.661765,0.118213,0.661765,0.10856,0.661765,0.177732,0.661765,All
0.4178,0.676471,0.199982,0.676471,0.141861,0.676471,0.185478,0.676471,All
0.472824,0.691176,0.200749,0.691176,0.189954,0.691176,0.206315,0.691176,All
0.472977,0.705882,0.207666,0.705882,0.195287,0.705882,0.259102,0.705882,All
0.47831,0.720588,0.228823,0.720588,0.2478,0.720588,0.274686,0.720588,All
0.590483,0.735294,0.230441,0.735294,0.318107,0.735294,0.292262,0.735294,All
0.601296,0.75,0.273552,0.75,0.353739,0.75,0.362227,0.75,All
0.697183,0.764706,0.352377,0.764706,0.381284,0.764706,0.419336,0.764706,All
0.741639,0.779412,0.385609,0.779412,0.4075,0.779412,0.429062,0.779412,All
0.754396,0.794118,0.401777,0.794118,0.516497,0.794118,0.430107,0.794118,All
0.786859,0.808824,0.420889,0.808824,0.715538,0.808824,0.456335,0.808824,All
0.945733,0.823529,0.471128,0.823529,0.815386,0.823529,0.46961,0.823529,All
0.970485,0.838235,0.502174,0.838235,0.861806,0.838235,0.526483,0.838235,All
0.989335,0.852941,0.569715,0.852941,0.873032,0.852941,0.551347,0.852941,All
1.01144,0.867647,0.572732,0.867647,0.885099,0.867647,0.591784,0.867647,All
1.01449,0.882353,0.609226,0.882353,0.885522,0.882353,0.592648,0.882353,All
1.02527,0.897059,0.661014,0.897059,0.930044,0.897059,0.600393,0.897059,All
1.18524,0.911765,0.663152,0.911765,0.988599,0.911765,0.611845,0.911765,All
1.30916,0.926471,0.803761,0.926471,1.01871,0.926471,0.619603,0.926471,All
1.44778,0.941176,0.818372,0.941176,1.02112,0.941176,0.675728,0.941176,All
1.53137,0.955882,0.969136,0.955882,1.06687,0.955882,0.797844,0.955882,All
1.64009,0.970588,1.11715,0.970588,2.13187,0.970588,0.958713,0.970588,All
1.85417,0.985294,1.14821,0.985294,2.1355,0.985294,0.985989,0.985294,All
2.44502,1,1.22982,1,2.13905,1,1.05524,1,All
4,1,4,1,4,1,4,1,All
