CL_vs_Q1_abscissa,CL_vs_Q1_spline,CL_vs_Q1_regression,CL_vs_Vc_abscissa,CL_vs_Vc_spline,CL_vs_Vc_regression,CL_vs_Vp1_abscissa,CL_vs_Vp1_spline,CL_vs_Vp1_regression,Q1_vs_CL_abscissa,Q1_vs_CL_spline,Q1_vs_CL_regression,Q1_vs_Vc_abscissa,Q1_vs_Vc_spline,Q1_vs_Vc_regression,Q1_vs_Vp1_abscissa,Q1_vs_Vp1_spline,Q1_vs_Vp1_regression,Vc_vs_CL_abscissa,Vc_vs_CL_spline,Vc_vs_CL_regression,Vc_vs_Q1_abscissa,Vc_vs_Q1_spline,Vc_vs_Q1_regression,Vc_vs_Vp1_abscissa,Vc_vs_Vp1_spline,Vc_vs_Vp1_regression,Vp1_vs_CL_abscissa,Vp1_vs_CL_spline,Vp1_vs_CL_regression,Vp1_vs_Q1_abscissa,Vp1_vs_Q1_spline,Vp1_vs_Q1_regression,Vp1_vs_Vc_abscissa,Vp1_vs_Vc_spline,Vp1_vs_Vc_regression
-1.95715,0.0572718,0.00248823,-0.695952,-0.280832,-0.00116252,-1.95279,0.221416,0.012598,-1.12102,-0.465244,-0.196982,-0.695952,-1.05571,-0.769353,-1.95279,0.908134,1.77761,-1.12102,-0.0239164,-0.0285658,-1.95715,-0.0275875,-0.0820049,-1.95279,0.0896933,0.0514813,-1.12102,-0.00679134,0.00533879,-1.95715,1.18653,0.927745,-0.695952,0.63265,0.375477
-1.91399,0.0650042,0.00293994,-0.685425,-0.266729,-0.000805805,-1.91952,0.214297,0.0127524,-1.10016,-0.453485,-0.195474,-0.685425,-1.02967,-0.759166,-1.91952,0.911371,1.74576,-1.10016,-0.0288692,-0.0283936,-1.91399,-0.0368713,-0.0805322,-1.91952,0.0790434,0.0502928,-1.10016,-0.00500793,0.00568154,-1.91399,1.15636,0.906579,-0.685425,0.613289,0.370013
-1.87082,0.0727366,0.00339166,-0.674898,-0.252627,-0.000449091,-1.88625,0.207179,0.0129068,-1.0793,-0.441725,-0.193966,-0.674898,-1.00363,-0.748978,-1.88625,0.914608,1.71392,-1.0793,-0.033822,-0.0282214,-1.87082,-0.046155,-0.0790595,-1.88625,0.0683935,0.0491043,-1.0793,-0.00322452,0.0060243,-1.87082,1.1262,0.885412,-0.674898,0.593928,0.364548
-1.82766,0.080469,0.00384337,-0.664372,-0.238525,-9.23768e-05,-1.85297,0.200061,0.0130612,-1.05843,-0.429965,-0.192457,-0.664372,-0.977591,-0.738791,-1.85297,0.917844,1.68208,-1.05843,-0.0387748,-0.0280492,-1.82766,-0.0554387,-0.0775868,-1.85297,0.0577436,0.0479158,-1.05843,-0.00144112,0.00636705,-1.82766,1.09604,0.864246,-0.664372,0.574566,0.359083
-1.78449,0.0849944,0.00429508,-0.653845,-0.224422,0.000264337,-1.8197,0.192942,0.0132156,-1.03757,-0.418205,-0.190949,-0.653845,-0.951551,-0.728604,-1.8197,0.921081,1.65023,-1.03757,-0.0437276,-0.027877,-1.78449,-0.0631392,-0.0761141,-1.8197,0.0470936,0.0467272,-1.03757,0.000342292,0.0067098,-1.78449,1.06706,0.84308,-0.653845,0.555205,0.353618
-1.74133,0.0856016,0.0047468,-0.643319,-0.21032,0.000621052,-1.78643,0.185824,0.0133701,-1.01671,-0.406445,-0.18944,-0.643319,-0.925511,-0.718416,-1.78643,0.924318,1.61839,-1.01671,-0.0486804,-0.0277048,-1.74133,-0.0685878,-0.0746414,-1.78643,0.0364437,0.0455387,-1.01671,0.0021257,0.00705256,-1.74133,1.03939,0.821913,-0.643319,0.535844,0.348153
-1.69816,0.0842676,0.00519851,-0.632792,-0.196217,0.000977766,-1.75315,0.178706,0.0135245,-0.99585,-0.394685,-0.187932,-0.632792,-0.899471,-0.708229,-1.75315,0.927554,1.58654,-0.99585,-0.0536333,-0.0275326,-1.69816,-0.0728983,-0.0731687,-1.75315,0.0257938,0.0443502,-0.99585,0.00390911,0.00739531,-1.69816,1.01235,0.800747,-0.632792,0.516483,0.342689
-1.655,0.0829336,0.00565023,-0.622265,-0.182115,0.00133448,-1.71988,0.171588,0.0136789,-0.974988,-0.382925,-0.186424,-0.622265,-0.873432,-0.698042,-1.71988,0.930791,1.5547,-0.974988,-0.0585861,-0.0273604,-1.655,-0.0772088,-0.071696,-1.71988,0.0151439,0.0431617,-0.974988,0.00569252,0.00773806,-1.655,0.985324,0.779581,-0.622265,0.497121,0.337224
-1.61183,0.0815996,0.00610194,-0.611739,-0.168013,0.00169119,-1.6866,0.164469,0.0138333,-0.954127,-0.371165,-0.184915,-0.611739,-0.847392,-0.687855,-1.6866,0.934028,1.52286,-0.954127,-0.0635389,-0.0271882,-1.61183,-0.0815193,-0.0702233,-1.6866,0.00449399,0.0419732,-0.954127,0.00747592,0.00808081,-1.61183,0.958292,0.758414,-0.611739,0.47776,0.331759
-1.56867,0.0802656,0.00655365,-0.601212,-0.15391,0.00204791,-1.65333,0.157351,0.0139877,-0.933265,-0.359406,-0.183407,-0.601212,-0.821352,-0.677667,-1.65333,0.937265,1.49101,-0.933265,-0.0684917,-0.0270161,-1.56867,-0.0858298,-0.0687506,-1.65333,-0.00615593,0.0407847,-0.933265,0.00925933,0.00842357,-1.56867,0.931261,0.737248,-0.601212,0.458399,0.326294
-1.5255,0.0789316,0.00700537,-0.590685,-0.139808,0.00240462,-1.62006,0.150233,0.0141422,-0.912403,-0.347646,-0.181898,-0.590685,-0.795312,-0.66748,-1.62006,0.940501,1.45917,-0.912403,-0.0734445,-0.0268439,-1.5255,-0.0901404,-0.0672779,-1.62006,-0.0168058,0.0395962,-0.912403,0.0110427,0.00876632,-1.5255,0.90423,0.716081,-0.590685,0.439038,0.32083
-1.48233,0.0775975,0.00745708,-0.580159,-0.125705,0.00276134,-1.58678,0.143115,0.0142966,-0.891542,-0.335886,-0.18039,-0.580159,-0.769272,-0.657293,-1.58678,0.943738,1.42733,-0.891542,-0.0783973,-0.0266717,-1.48233,-0.0944509,-0.0658052,-1.58678,-0.0274558,0.0384077,-0.891542,0.0128261,0.00910907,-1.48233,0.877199,0.694915,-0.580159,0.419676,0.315365
-1.43917,0.0744912,0.0079088,-0.569632,-0.111603,0.00311805,-1.55351,0.135996,0.014451,-0.87068,-0.324126,-0.178882,-0.569632,-0.743233,-0.647105,-1.55351,0.946975,1.39548,-0.87068,-0.0833501,-0.0264995,-1.43917,-0.0973293,-0.0643325,-1.55351,-0.0381057,0.0372192,-0.87068,0.0146096,0.00945182,-1.43917,0.850585,0.673749,-0.569632,0.400315,0.3099
-1.396,0.0685375,0.00836051,-0.559105,-0.0975006,0.00347477,-1.52024,0.128382,0.0146054,-0.849819,-0.312366,-0.177373,-0.559105,-0.717193,-0.636918,-1.52024,0.946894,1.36364,-0.849819,-0.0883029,-0.0263273,-1.396,-0.0979072,-0.0628598,-1.52024,-0.0457653,0.0360307,-0.849819,0.016393,0.00979458,-1.396,0.824641,0.652582,-0.559105,0.380954,0.304435
-1.35284,0.0625838,0.00881222,-0.548579,-0.0833982,0.00383148,-1.48696,0.120033,0.0147598,-0.828957,-0.300606,-0.175865,-0.548579,-0.691153,-0.626731,-1.48696,0.94191,1.3318,-0.828957,-0.0932557,-0.0261551,-1.35284,-0.098485,-0.0613872,-1.48696,-0.0490056,0.0348421,-0.828957,0.0181764,0.0101373,-1.35284,0.798698,0.631416,-0.548579,0.361592,0.29897
-1.30967,0.0566301,0.00926394,-0.538052,-0.0692958,0.00418819,-1.45369,0.111685,0.0149143,-0.808095,-0.288846,-0.174356,-0.538052,-0.665113,-0.616544,-1.45369,0.936927,1.29995,-0.808095,-0.0982086,-0.0259829,-1.30967,-0.0990628,-0.0599145,-1.45369,-0.0522458,0.0336536,-0.808095,0.0199598,0.0104801,-1.30967,0.772754,0.61025,-0.538052,0.342231,0.293506
-1.26651,0.0506764,0.00971565,-0.527526,-0.0551934,0.00454491,-1.42042,0.103336,0.0150687,-0.787234,-0.277086,-0.172848,-0.527526,-0.639073,-0.606356,-1.42042,0.931943,1.26811,-0.787234,-0.103161,-0.0258107,-1.26651,-0.0996406,-0.0584418,-1.42042,-0.0554861,0.0324651,-0.787234,0.0217432,0.0108228,-1.26651,0.746811,0.589083,-0.527526,0.32287,0.288041
-1.22334,0.0439187,0.0101674,-0.516999,-0.041091,0.00490162,-1.38714,0.0949536,0.0152231,-0.766372,-0.265327,-0.17134,-0.516999,-0.613033,-0.596169,-1.38714,0.925478,1.23626,-0.766372,-0.108114,-0.0256385,-1.22334,-0.098875,-0.0569691,-1.38714,-0.0575432,0.0312766,-0.766372,0.0235266,0.0111656,-1.22334,0.720763,0.567917,-0.516999,0.303509,0.282576
-1.18018,0.0370184,0.0106191,-0.506472,-0.0269886,0.00525834,-1.35387,0.0867038,0.0153775,-0.745511,-0.253567,-0.169831,-0.506472,-0.586994,-0.585982,-1.35387,0.916837,1.20442,-0.745511,-0.113067,-0.0254663,-1.18018,-0.0975647,-0.0554964,-1.35387,-0.0580087,0.0300881,-0.745511,0.02531,0.0115083,-1.18018,0.694566,0.54675,-0.506472,0.284147,0.277111
-1.13701,0.0301528,0.0110708,-0.495946,-0.0128862,0.00561505,-1.3206,0.0787296,0.0155319,-0.724649,-0.241807,-0.168323,-0.495946,-0.560954,-0.575794,-1.3206,0.905809,1.17258,-0.724649,-0.11802,-0.0252941,-1.13701,-0.0957356,-0.0540237,-1.3206,-0.0568342,0.0288996,-0.724649,0.0270934,0.0118511,-1.13701,0.668129,0.525584,-0.495946,0.264786,0.271646
-1.09385,0.0233872,0.0115225,-0.485419,0.00121617,0.00597177,-1.28732,0.0707554,0.0156864,-0.703787,-0.230047,-0.166814,-0.485419,-0.534914,-0.565607,-1.28732,0.894781,1.14073,-0.703787,-0.122973,-0.0251219,-1.09385,-0.0935554,-0.052551,-1.28732,-0.0556597,0.0277111,-0.703787,0.0288768,0.0121938,-1.09385,0.641486,0.504418,-0.485419,0.245425,0.266182
-1.05068,0.0170263,0.0119742,-0.474892,0.0153186,0.00632848,-1.25405,0.0627812,0.0158408,-0.682926,-0.218287,-0.165306,-0.474892,-0.508874,-0.55542,-1.25405,0.883753,1.10889,-0.682926,-0.127925,-0.0249497,-1.05068,-0.0907682,-0.0510783,-1.25405,-0.0544852,0.0265226,-0.682926,0.0306602,0.0125366,-1.05068,0.614352,0.483251,-0.474892,0.226064,0.260717
-1.00752,0.0107315,0.0124259,-0.464366,0.029421,0.00668519,-1.22078,0.054807,0.0159952,-0.662064,-0.206527,-0.163798,-0.464366,-0.482834,-0.545233,-1.22078,0.872724,1.07705,-0.662064,-0.132878,-0.0247775,-1.00752,-0.0879115,-0.0496056,-1.22078,-0.0533106,0.0253341,-0.662064,0.0324436,0.0128794,-1.00752,0.58715,0.462085,-0.464366,0.206702,0.255252
-0.964353,0.00505466,0.0128777,-0.453839,0.0435233,0.00704191,-1.1875,0.0468328,0.0161496,-0.641203,-0.194767,-0.162289,-0.453839,-0.456794,-0.535045,-1.1875,0.861696,1.0452,-0.641203,-0.137831,-0.0246053,-0.964353,-0.0845289,-0.0481329,-1.1875,-0.0521361,0.0241456,-0.641203,0.034227,0.0132221,-0.964353,0.559368,0.440919,-0.453839,0.187341,0.249787
-0.921188,7.23875e-05,0.0133294,-0.443312,0.0576257,0.00739862,-1.15423,0.0388585,0.016304,-0.620341,-0.183007,-0.160781,-0.443312,-0.430755,-0.524858,-1.15423,0.850668,1.01336,-0.620341,-0.142784,-0.0244331,-0.921188,-0.0807614,-0.0466602,-1.15423,-0.0509616,0.0229571,-0.620341,0.0360104,0.0135649,-0.921188,0.531021,0.419752,-0.443312,0.16798,0.244323
-0.878022,-0.00446423,0.0137811,-0.432786,0.0717281,0.00775534,-1.12096,0.0308843,0.0164585,-0.599479,-0.171039,-0.159272,-0.432786,-0.404715,-0.514671,-1.12096,0.83964,0.981516,-0.599479,-0.14649,-0.0242609,-0.878022,-0.0767822,-0.0451875,-1.12096,-0.0497871,0.0217685,-0.599479,0.0360415,0.0139076,-0.878022,0.502328,0.398586,-0.432786,0.148619,0.238858
-0.834857,-0.00776999,0.0142328,-0.422259,0.0858305,0.00811205,-1.08768,0.0229101,0.0166129,-0.578618,-0.157144,-0.157764,-0.422259,-0.378675,-0.504483,-1.08768,0.828612,0.949672,-0.578618,-0.138707,-0.0240887,-0.834857,-0.0723882,-0.0437148,-1.08768,-0.0486126,0.02058,-0.578618,0.0199229,0.0142504,-0.834857,0.472747,0.377419,-0.422259,0.129257,0.233393
-0.791692,-0.0103822,0.0146845,-0.411732,0.0999329,0.00846877,-1.05441,0.0170453,0.0167673,-0.557756,-0.143563,-0.156256,-0.411732,-0.352635,-0.494296,-1.05441,0.81188,0.917828,-0.557756,-0.130711,-0.0239165,-0.791692,-0.0677876,-0.0422421,-1.05441,-0.0446918,0.0193915,-0.557756,0.00393745,0.0145931,-0.791692,0.442678,0.356253,-0.411732,0.109896,0.227928
-0.748527,-0.0125731,0.0151362,-0.401206,0.114035,0.00882548,-1.02114,0.0112224,0.0169217,-0.536895,-0.131666,-0.154747,-0.401206,-0.326595,-0.484109,-1.02114,0.795035,0.885985,-0.536895,-0.122025,-0.0237443,-0.748527,-0.063091,-0.0407694,-1.02114,-0.0407164,0.018203,-0.536895,-0.0107856,0.0149359,-0.748527,0.412324,0.335087,-0.401206,0.0905349,0.222463
-0.705362,-0.0129735,0.0155879,-0.390679,0.128138,0.00918219,-0.987864,0.00539957,0.0170762,-0.516033,-0.12024,-0.153239,-0.390679,-0.300556,-0.473922,-0.987864,0.77819,0.854141,-0.516033,-0.113181,-0.0235721,-0.705362,-0.0580259,-0.0392967,-0.987864,-0.036741,0.0170145,-0.516033,-0.0251146,0.0152786,-0.705362,0.380769,0.31392,-0.390679,0.0711737,0.216999
-0.662197,-0.012714,0.0160396,-0.380153,0.14224,0.00953891,-0.954591,-0.000423307,0.0172306,-0.495171,-0.108814,-0.15173,-0.380153,-0.274516,-0.463734,-0.954591,0.761345,0.822298,-0.495171,-0.104336,-0.0233999,-0.662197,-0.0528462,-0.0378241,-0.954591,-0.0327656,0.015826,-0.495171,-0.0394436,0.0156214,-0.662197,0.348762,0.292754,-0.380153,0.0518124,0.211534
-0.619031,-0.0113679,0.0164914,-0.369626,0.156342,0.00989562,-0.921318,-0.00624618,0.017385,-0.47431,-0.0973876,-0.150222,-0.369626,-0.248476,-0.453547,-0.921318,0.7445,0.790454,-0.47431,-0.0954916,-0.0232277,-0.619031,-0.047485,-0.0363514,-0.921318,-0.0287902,0.0146375,-0.47431,-0.0537725,0.0159641,-0.619031,0.315944,0.271588,-0.369626,0.0324512,0.206069
-0.575866,-0.00929275,0.0169431,-0.359099,0.170445,0.0102523,-0.888044,-0.0120691,0.0175394,-0.453448,-0.0876248,-0.148714,-0.359099,-0.222436,-0.44336,-0.888044,0.727655,0.75861,-0.453448,-0.0864473,-0.0230555,-0.575866,-0.0420092,-0.0348787,-0.888044,-0.0248148,0.013449,-0.453448,-0.0662779,0.0163069,-0.575866,0.282474,0.250421,-0.359099,0.0130899,0.200604
-0.532701,-0.00679713,0.0173948,-0.348573,0.170718,0.0106091,-0.854771,-0.0178919,0.0176938,-0.432587,-0.0789061,-0.147205,-0.348573,-0.219974,-0.433172,-0.854771,0.71081,0.726767,-0.432587,-0.0772777,-0.0228833,-0.532701,-0.0364741,-0.033406,-0.854771,-0.0208394,0.0122605,-0.432587,-0.0776385,0.0166496,-0.532701,0.248527,0.229255,-0.348573,0.00723187,0.19514
-0.489536,-0.00399994,0.0178465,-0.338046,0.15623,0.0109658,-0.821497,-0.0237148,0.0178483,-0.411725,-0.0716388,-0.145697,-0.338046,-0.24268,-0.422985,-0.821497,0.693965,0.694923,-0.411725,-0.0681796,-0.0227111,-0.489536,-0.0309048,-0.0319333,-0.821497,-0.016864,0.011072,-0.411725,-0.0871135,0.0169924,-0.489536,0.214112,0.208088,-0.338046,0.0157871,0.189675
-0.446371,-0.00106902,0.0182982,-0.327519,0.141741,0.0113225,-0.788224,-0.0295377,0.0180027,-0.390863,-0.0677725,-0.144189,-0.327519,-0.265385,-0.412798,-0.788224,0.67712,0.66308,-0.390863,-0.0595334,-0.0225389,-0.446371,-0.0253364,-0.0304606,-0.788224,-0.0128886,0.00988345,-0.390863,-0.0918291,0.0173351,-0.446371,0.179248,0.186922,-0.327519,0.0243423,0.18421
-0.403206,0.00172415,0.0187499,-0.316993,0.127253,0.0116792,-0.754951,-0.0352686,0.0181571,-0.370002,-0.0639063,-0.14268,-0.316993,-0.288091,-0.40261,-0.754951,0.660153,0.631236,-0.370002,-0.0508871,-0.0223667,-0.403206,-0.0198237,-0.0289879,-0.754951,-0.00889235,0.00869494,-0.370002,-0.0965447,0.0176779,-0.403206,0.143998,0.165756,-0.316993,0.0328975,0.178745
-0.36004,0.00432689,0.0192016,-0.306466,0.112765,0.0120359,-0.721677,-0.0380485,0.0183115,-0.34914,-0.0600401,-0.141172,-0.306466,-0.310796,-0.392423,-0.721677,0.639894,0.599392,-0.34914,-0.0422409,-0.0221945,-0.36004,-0.0143658,-0.0275152,-0.721677,-0.00471122,0.00750643,-0.34914,-0.10126,0.0180206,-0.36004,0.108544,0.144589,-0.306466,0.0414527,0.17328
-0.316875,0.0063061,0.0196534,-0.295939,0.0983318,0.0123926,-0.688404,-0.0405176,0.0184659,-0.328278,-0.0561739,-0.139663,-0.295939,-0.331888,-0.382236,-0.688404,0.619393,0.567549,-0.328278,-0.0335946,-0.0220223,-0.316875,-0.00906312,-0.0260425,-0.688404,-0.000593764,0.00631792,-0.328278,-0.105976,0.0183634,-0.316875,0.0727934,0.123423,-0.295939,0.0501562,0.167816
-0.27371,0.00781632,0.0201051,-0.285413,0.0839482,0.0127493,-0.655131,-0.0429866,0.0186204,-0.307417,-0.0540614,-0.138155,-0.285413,-0.351558,-0.372049,-0.655131,0.598893,0.535705,-0.307417,-0.0253205,-0.0218501,-0.27371,-0.0038695,-0.0245698,-0.655131,0.00352369,0.00512941,-0.307417,-0.108071,0.0187061,-0.27371,0.0369317,0.102257,-0.285413,0.0589904,0.162351
-0.230545,0.00840413,0.0205568,-0.274886,0.0702188,0.0131061,-0.621857,-0.0454557,0.0187748,-0.286555,-0.0550442,-0.136647,-0.274886,-0.368583,-0.361861,-0.621857,0.578393,0.503862,-0.286555,-0.017764,-0.0216779,-0.230545,0.00111604,-0.0230971,-0.621857,0.00764114,0.0039409,-0.286555,-0.105467,0.0190489,-0.230545,0.000949737,0.0810903,-0.274886,0.06739,0.156886
-0.18738,0.00788439,0.0210085,-0.264359,0.0570739,0.0134628,-0.588584,-0.0479247,0.0189292,-0.265694,-0.0577762,-0.135138,-0.264359,-0.383245,-0.351674,-0.588584,0.557893,0.472018,-0.265694,-0.0107151,-0.0215057,-0.18738,0.00585661,-0.0216244,-0.588584,0.0117586,0.00275239,-0.265694,-0.100086,0.0193917,-0.18738,-0.0350677,0.0599239,-0.264359,0.0754012,0.151421
-0.144214,0.00611483,0.0214602,-0.253833,0.0439289,0.0138195,-0.555311,-0.0499327,0.0190836,-0.244832,-0.0623802,-0.13363,-0.253833,-0.397908,-0.341487,-0.555311,0.53711,0.440174,-0.244832,-0.00425679,-0.0213335,-0.144214,0.0102668,-0.0201517,-0.555311,0.0157242,0.00156388,-0.244832,-0.0916764,0.0197344,-0.144214,-0.0709538,0.0387575,-0.253833,0.0834125,0.145956
-0.101049,0.00377295,0.0219119,-0.243306,0.0307839,0.0141762,-0.522037,-0.0503073,0.019238,-0.22397,-0.0683441,-0.132121,-0.243306,-0.41257,-0.331299,-0.522037,0.515384,0.408331,-0.22397,0.00175124,-0.0211614,-0.101049,0.0145047,-0.018679,-0.522037,0.0191053,0.000375373,-0.22397,-0.0810404,0.0200772,-0.101049,-0.106732,0.0175911,-0.243306,0.0914237,0.140492
-0.0578841,0.000768284,0.0223636,-0.23278,0.0192514,0.0145329,-0.488764,-0.0502753,0.0193925,-0.203109,-0.0766807,-0.130613,-0.23278,-0.421808,-0.321112,-0.488764,0.493474,0.376487,-0.203109,0.00692673,-0.0209892,-0.0578841,0.0184597,-0.0172063,-0.488764,0.0223016,-0.000813136,-0.203109,-0.0664647,0.0204199,-0.0578841,-0.142201,-0.00357524,-0.23278,0.0982175,0.135027
-0.0147189,-0.00296238,0.0228154,-0.222253,0.00880662,0.0148896,-0.45549,-0.0496701,0.0195469,-0.182247,-0.086534,-0.129105,-0.222253,-0.427666,-0.310925,-0.45549,0.471338,0.344644,-0.182247,0.0115371,-0.020817,-0.0147189,0.0219545,-0.0157336,-0.45549,0.0252116,-0.00200165,-0.182247,-0.0493336,0.0207627,-0.0147189,-0.176999,-0.0247416,-0.222253,0.104153,0.129562
0.0284462,-0.00685379,0.0232671,-0.211726,-0.00107556,0.0152463,-0.422217,-0.0479978,0.0197013,-0.161386,-0.0986353,-0.127596,-0.211726,-0.431839,-0.300738,-0.422217,0.448838,0.3128,-0.161386,0.0150721,-0.0206448,0.0284462,0.0252358,-0.014261,-0.422217,0.0275426,-0.00319016,-0.161386,-0.0282076,0.0211054,0.0284462,-0.211402,-0.045908,-0.211726,0.109636,0.124097
0.0716114,-0.0109139,0.0237188,-0.2012,-0.00911683,0.0156031,-0.388944,-0.0461064,0.0198557,-0.140524,-0.111305,-0.126088,-0.2012,-0.430614,-0.29055,-0.388944,0.426269,0.280956,-0.140524,0.0182527,-0.0204726,0.0716114,0.0281024,-0.0127883,-0.388944,0.0297502,-0.00437866,-0.140524,-0.00600184,0.0214482,0.0716114,-0.244968,-0.0670744,-0.2012,0.113623,0.118633
0.114777,-0.0149353,0.0241705,-0.190673,-0.0165656,0.0159598,-0.35567,-0.0434922,0.0200101,-0.119662,-0.124687,-0.124579,-0.190673,-0.427711,-0.280363,-0.35567,0.403507,0.249113,-0.119662,0.0202407,-0.0203004,0.114777,0.03063,-0.0113156,-0.35567,0.0315247,-0.00556717,-0.119662,0.0181895,0.0217909,0.114777,-0.277767,-0.0882407,-0.190673,0.11712,0.113168
0.157942,-0.018644,0.0246222,-0.180146,-0.0219822,0.0163165,-0.322397,-0.0396584,0.0201646,-0.0988008,-0.137927,-0.123071,-0.180146,-0.41908,-0.270176,-0.322397,0.380478,0.217269,-0.0988008,0.0218468,-0.0201282,0.157942,0.0326814,-0.00984287,-0.322397,0.0325223,-0.00675568,-0.0988008,0.0425072,0.0221337,0.157942,-0.309364,-0.109407,-0.180146,0.118935,0.107703
0.201107,-0.0219091,0.0250739,-0.16962,-0.0264969,0.0166732,-0.289124,-0.0357812,0.020319,-0.0779392,-0.150235,-0.121563,-0.16962,-0.407974,-0.259988,-0.289124,0.35744,0.185425,-0.0779392,0.0224299,-0.019956,0.201107,0.0343245,-0.00837018,-0.289124,0.0334913,-0.00794419,-0.0779392,0.0664062,0.0224764,0.201107,-0.339847,-0.130573,-0.16962,0.119995,0.102238
0.244272,-0.0243752,0.0255256,-0.159093,-0.0293915,0.0170299,-0.25585,-0.0305996,0.0204734,-0.0570776,-0.160748,-0.120054,-0.159093,-0.392421,-0.249801,-0.25585,0.333948,0.153582,-0.0570776,0.0220679,-0.0197838,0.244272,0.0354464,-0.00689748,-0.25585,0.0334969,-0.0091327,-0.0570776,0.0886381,0.0228192,0.244272,-0.368798,-0.15174,-0.159093,0.119698,0.0967734
0.287437,-0.0259843,0.0259774,-0.148566,-0.0302496,0.0173866,-0.222577,-0.025132,0.0206278,-0.036216,-0.170656,-0.118546,-0.148566,-0.371379,-0.239614,-0.222577,0.310255,0.121738,-0.036216,0.0214928,-0.0196116,0.287437,0.0361254,-0.00542479,-0.222577,0.0332544,-0.0103212,-0.036216,0.110217,0.0231619,0.287437,-0.396361,-0.172906,-0.148566,0.117681,0.0913086
0.330602,-0.0267416,0.0264291,-0.13804,-0.0293497,0.0177433,-0.189304,-0.0192415,0.0207822,-0.0153544,-0.176814,-0.117037,-0.13804,-0.345651,-0.229427,-0.189304,0.285787,0.0898947,-0.0153544,0.0197348,-0.0194394,0.330602,0.0363881,-0.0039521,-0.189304,0.0324914,-0.0115097,-0.0153544,0.127642,0.0235047,0.330602,-0.422598,-0.194073,-0.13804,0.114173,0.0858438
0.373768,-0.0263708,0.0268808,-0.127513,-0.0263249,0.0181001,-0.15603,-0.0130032,0.0209367,0.00550724,-0.180419,-0.115529,-0.127513,-0.314332,-0.219239,-0.15603,0.259937,0.058051,0.00550724,0.0173531,-0.0192672,0.373768,0.0361881,-0.0024794,-0.15603,0.0310612,-0.0126982,0.00550724,0.142086,0.0238474,0.373768,-0.447274,-0.215239,-0.127513,0.108856,0.080379
0.416933,-0.0244537,0.0273325,-0.116986,-0.021216,0.0184568,-0.122757,-0.00672274,0.0210911,0.0263689,-0.179649,-0.114021,-0.116986,-0.277922,-0.209052,-0.122757,0.232308,0.0262074,0.0263689,0.0140775,-0.019095,0.416933,0.0354013,-0.00100671,-0.122757,0.0290322,-0.0138867,0.0263689,0.151272,0.0241902,0.416933,-0.469916,-0.236405,-0.116986,0.101753,0.0749142
0.460098,-0.020243,0.0277842,-0.10646,-0.0136136,0.0188135,-0.0894834,-0.000553677,0.0212455,0.0472305,-0.173937,-0.112512,-0.10646,-0.236404,-0.198865,-0.0894834,0.202742,-0.00563617,0.0472305,0.00994037,-0.0189228,0.460098,0.0338235,0.000465986,-0.0894834,0.0264523,-0.0150753,0.0472305,0.15435,0.0245329,0.460098,-0.489632,-0.257572,-0.10646,0.0925029,0.0694495
0.503263,-0.0146395,0.0282359,-0.0959332,-0.00601122,0.0191702,-0.05621,0.00532183,0.0213999,0.0680921,-0.16537,-0.111004,-0.0959332,-0.194886,-0.188677,-0.05621,0.171109,-0.0374798,0.0680921,0.00533795,-0.0187506,0.503263,0.0317719,0.00193868,-0.05621,0.023396,-0.0162638,0.0680921,0.153764,0.0248757,0.503263,-0.507536,-0.278738,-0.0959332,0.0832527,0.0639847
0.546428,-0.00903602,0.0286876,-0.0854066,0.00192359,0.0195269,-0.0229367,0.0108882,0.0215543,0.0889537,-0.15327,-0.109495,-0.0854066,-0.153082,-0.17849,-0.0229367,0.137436,-0.0693234,0.0889537,0.000190437,-0.0185784,0.546428,0.0297204,0.00341137,-0.0229367,0.0198822,-0.0174523,0.0889537,0.148405,0.0252185,0.546428,-0.525439,-0.299904,-0.0854066,0.0737112,0.0585199
0.589594,-0.000356836,0.0291394,-0.0748799,0.0114805,0.0198836,0.0103367,0.0156319,0.0217088,0.109815,-0.138668,-0.107987,-0.0748799,-0.110305,-0.168303,0.0103367,0.0998104,-0.101167,0.109815,-0.00529008,-0.0184062,0.589594,0.0266379,0.00488407,0.0103367,0.0156255,-0.0186408,0.109815,0.139239,0.0255612,0.589594,-0.538709,-0.321071,-0.0748799,0.0627432,0.0530551
0.632759,0.00962531,0.0295911,-0.0643533,0.0213536,0.0202403,0.0436101,0.0195016,0.0218632,0.130677,-0.122705,-0.106479,-0.0643533,-0.069376,-0.158116,0.0436101,0.0585604,-0.133011,0.130677,-0.0108741,-0.018234,0.632759,0.0231186,0.00635676,0.0436101,0.0107641,-0.0198293,0.130677,0.127378,0.025904,0.632759,-0.550017,-0.342237,-0.0643533,0.0514718,0.0475903
0.675924,0.0196075,0.0300428,-0.0538267,0.0312152,0.0205971,0.0768834,0.0227635,0.0220176,0.151538,-0.10622,-0.10497,-0.0538267,-0.031642,-0.147928,0.0768834,0.015022,-0.164854,0.151538,-0.0164609,-0.0180618,0.675924,0.0195994,0.00782946,0.0768834,0.00555695,-0.0210178,0.151538,0.114184,0.0262467,0.675924,-0.561325,-0.363404,-0.0538267,0.0401708,0.0421255
0.719089,0.0295896,0.0304945,-0.0433,0.0407171,0.0209538,0.110157,0.0245832,0.022172,0.1724,-0.0899988,-0.103462,-0.0433,0.00145089,-0.137741,0.110157,-0.0337314,-0.196698,0.1724,-0.021775,-0.0178896,0.719089,0.0160802,0.00930215,0.110157,-0.000398139,-0.0222063,0.1724,0.0994823,0.0265895,0.719089,-0.572632,-0.38457,-0.0433,0.029131,0.0366607
0.762254,0.0395717,0.0309462,-0.0327734,0.0494565,0.0213105,0.14343,0.0255282,0.0223264,0.193262,-0.0753839,-0.101953,-0.0327734,0.0280342,-0.127554,0.14343,-0.0855565,-0.228541,0.193262,-0.0265834,-0.0177174,0.762254,0.012561,0.0107748,0.14343,-0.00676372,-0.0233948,0.193262,0.0848761,0.0269322,0.762254,-0.58394,-0.405736,-0.0327734,0.0186865,0.031196
0.805419,0.0515147,0.0313979,-0.0222467,0.0572434,0.0216672,0.176704,0.025452,0.0224809,0.214123,-0.0625021,-0.100445,-0.0222467,0.0478307,-0.117366,0.176704,-0.140993,-0.260385,0.214123,-0.0308887,-0.0175452,0.805419,0.00840777,0.0122475,0.176704,-0.0135859,-0.0245833,0.214123,0.070717,0.027275,0.805419,-0.591324,-0.426903,-0.0222467,0.00900236,0.0257312
0.848585,0.0642609,0.0318496,-0.0117201,0.0636279,0.0220239,0.209977,0.024671,0.0226353,0.234985,-0.0512139,-0.0989367,-0.0117201,0.0586247,-0.107179,0.209977,-0.198961,-0.292229,0.234985,-0.0347859,-0.017373,0.848585,0.00399484,0.0137202,0.209977,-0.0206933,-0.0257718,0.234985,0.0574063,0.0276177,0.848585,-0.597102,-0.448069,-0.0117201,0.00044705,0.0202664
0.89175,0.0771581,0.0323014,-0.00119344,0.0686822,0.0223806,0.24325,0.0234789,0.0227897,0.255847,-0.0454923,-0.0974283,-0.00119344,0.0617628,-0.0969918,0.24325,-0.258435,-0.324072,0.255847,-0.0372839,-0.0172008,0.89175,-0.000462625,0.0151929,0.24325,-0.0279437,-0.0269603,0.255847,0.0472715,0.0279605,0.89175,-0.6024,-0.469235,-0.00119344,-0.00703983,0.0148016
0.934915,0.0906492,0.0327531,0.0093332,0.072507,0.0227373,0.276524,0.0218891,0.0229441,0.276708,-0.0419304,-0.0959199,0.0093332,0.058593,-0.0868045,0.276524,-0.319456,-0.355916,0.276708,-0.0392662,-0.0170286,0.934915,-0.00509503,0.0166656,0.276524,-0.0352643,-0.0281489,0.276708,0.0385865,0.0283032,0.934915,-0.605797,-0.490402,0.0093332,-0.013544,0.00933682
0.97808,0.104391,0.0332048,0.0198598,0.075078,0.0230941,0.309797,0.0201786,0.0230986,0.29757,-0.0441283,-0.0944115,0.0198598,0.0498785,-0.0766172,0.309797,-0.381006,-0.387759,0.29757,-0.0398762,-0.0168564,0.97808,-0.00978589,0.0181383,0.309797,-0.0425609,-0.0293374,0.29757,0.0337931,0.028646,0.97808,-0.607756,-0.511568,0.0198598,-0.0190514,0.00387203
1.02125,0.118192,0.0336565,0.0303865,0.0763014,0.0234508,0.34307,0.0184993,0.023253,0.318431,-0.0533019,-0.0929031,0.0303865,0.036378,-0.0664299,0.34307,-0.442531,-0.419603,0.318431,-0.038823,-0.0166842,1.02125,-0.0144757,0.019611,0.34307,-0.0497765,-0.0305259,0.318431,0.0336842,0.0289887,1.02125,-0.608749,-0.532735,0.0303865,-0.0234947,-0.00159275
1.06441,0.131995,0.0341082,0.0409131,0.0761389,0.0238075,0.376344,0.017121,0.0234074,0.339293,-0.0644442,-0.0913947,0.0409131,0.019795,-0.0562426,0.376344,-0.503275,-0.451447,0.339293,-0.0372991,-0.016512,1.06441,-0.0191446,0.0210837,0.376344,-0.0566392,-0.0317144,0.339293,0.034885,0.0293315,1.06441,-0.608835,-0.553901,0.0409131,-0.026855,-0.00705754
1.10758,0.145661,0.0345599,0.0514398,0.075452,0.0241642,0.409617,0.0164871,0.0235618,0.360155,-0.0755865,-0.0898863,0.0514398,0.00204556,-0.0460553,0.409617,-0.561747,-0.48329,0.360155,-0.0357752,-0.0163398,1.10758,-0.0237386,0.0225564,0.409617,-0.062891,-0.0329029,0.360155,0.0360857,0.0296742,1.10758,-0.607934,-0.575067,0.0514398,-0.0298054,-0.0125223
1.15074,0.15906,0.0350116,0.0619664,0.0739692,0.0245209,0.44289,0.0158532,0.0237162,0.381016,-0.0907438,-0.0883779,0.0619664,-0.0163555,-0.035868,0.44289,-0.620219,-0.515134,0.381016,-0.0332799,-0.0161676,1.15074,-0.0282099,0.0240291,0.44289,-0.0691428,-0.0340914,0.381016,0.0398488,0.030017,1.15074,-0.606041,-0.596234,0.0619664,-0.0321408,-0.0179871
1.19391,0.155335,0.0354634,0.072493,0.0710246,0.0248776,0.476164,0.016183,0.0238707,0.401878,-0.109281,-0.0868695,0.072493,-0.0347227,-0.0256807,0.476164,-0.675621,-0.546978,0.401878,-0.0299478,-0.0159954,1.19391,-0.026251,0.0255018,0.476164,-0.0747029,-0.0352799,0.401878,0.0455905,0.0303597,1.19391,-0.601166,-0.6174,0.072493,-0.033354,-0.0234519
1.23707,0.149622,0.0359151,0.0830197,0.0670305,0.0252343,0.509437,0.0175849,0.0240251,0.422739,-0.129414,-0.0853611,0.0830197,-0.0506663,-0.0154935,0.509437,-0.727607,-0.578821,0.422739,-0.0262015,-0.0158232,1.23707,-0.0235456,0.0269745,0.509437,-0.0794935,-0.0364684,0.422739,0.0520818,0.0307025,1.23707,-0.595944,-0.638566,0.0830197,-0.0337762,-0.0289167
1.28024,0.143909,0.0363668,0.0935463,0.0624176,0.0255911,0.542711,0.019416,0.0241795,0.443601,-0.149546,-0.0838527,0.0935463,-0.0649515,-0.00530616,0.542711,-0.778204,-0.610665,0.443601,-0.0224552,-0.015651,1.28024,-0.0208402,0.0284472,0.542711,-0.0839919,-0.0376569,0.443601,0.0585731,0.0310452,1.28024,-0.590722,-0.659733,0.0935463,-0.0337335,-0.0343815
1.3234,0.138196,0.0368185,0.104073,0.0572417,0.0259478,0.575984,0.023049,0.0243339,0.464463,-0.169743,-0.0823443,0.104073,-0.076568,0.00488113,0.575984,-0.822929,-0.642508,0.464463,-0.018663,-0.0154788,1.3234,-0.0181348,0.0299199,0.575984,-0.0872461,-0.0388454,0.464463,0.0648171,0.031388,1.3234,-0.5855,-0.680899,0.104073,-0.0332817,-0.0398462
1.36657,0.132483,0.0372702,0.1146,0.0510958,0.0263045,0.609257,0.0279121,0.0244883,0.485324,-0.190073,-0.0808359,0.1146,-0.0832422,0.0150684,0.609257,-0.863483,-0.674352,0.485324,-0.0147743,-0.0153066,1.36657,-0.0154294,0.0313926,0.609257,-0.0895357,-0.040034,0.485324,0.0705404,0.0317308,1.36657,-0.580278,-0.702066,0.1146,-0.0321648,-0.045311
1.40973,0.12677,0.0377219,0.125126,0.0441343,0.0266612,0.642531,0.0336037,0.0246428,0.506186,-0.210309,-0.0793275,0.125126,-0.0849703,0.0252557,0.642531,-0.901163,-0.706196,0.506186,-0.0109047,-0.0151345,1.40973,-0.012724,0.0328653,0.642531,-0.091124,-0.0412225,0.506186,0.0761678,0.0320735,1.40973,-0.575057,-0.723232,0.125126,-0.0306737,-0.0507758
1.4529,0.121058,0.0381736,0.135653,0.0368143,0.0270179,0.675804,0.0395032,0.0247972,0.527047,-0.22725,-0.0778191,0.135653,-0.084375,0.035443,0.675804,-0.938072,-0.738039,0.527047,-0.00770282,-0.0149623,1.4529,-0.0100186,0.0343379,0.675804,-0.0924971,-0.042411,0.527047,0.0784627,0.0324163,1.4529,-0.569835,-0.744398,0.135653,-0.0291072,-0.0562406
1.49606,0.115345,0.0386253,0.14618,0.0288801,0.0273746,0.709077,0.0463713,0.0249516,0.547909,-0.24419,-0.0763107,0.14618,-0.0794011,0.0456303,0.709077,-0.971313,-0.769883,0.547909,-0.0045009,-0.0147901,1.49606,-0.00731323,0.0358106,0.709077,-0.0928073,-0.0435995,0.547909,0.0807576,0.032759,1.49606,-0.564613,-0.765565,0.14618,-0.0276474,-0.0617054
1.53923,0.109632,0.0390771,0.156706,0.0206789,0.0277313,0.742351,0.0536306,0.025106,0.568771,-0.25866,-0.0748023,0.156706,-0.0723437,0.0558176,0.742351,-1.00287,-0.801726,0.568771,-0.00182948,-0.0146179,1.53923,-0.00460783,0.0372833,0.742351,-0.0925295,-0.044788,0.568771,0.0808425,0.0331018,1.53923,-0.559391,-0.786731,0.156706,-0.0263408,-0.0671702
1.58239,0.103919,0.0395288,0.167233,0.0122435,0.0280881,0.775624,0.0610846,0.0252604,0.589632,-0.270253,-0.0732939,0.167233,-0.0630072,0.0660049,0.775624,-1.03337,-0.83357,0.589632,0.000223559,-0.0144457,1.58239,-0.00190243,0.038756,0.775624,-0.0917846,-0.0459765,0.589632,0.078351,0.0334445,1.58239,-0.554169,-0.807897,0.167233,-0.0254363,-0.072635
1.62556,0.0982063,0.0399805,0.177759,0.00358984,0.0284448,0.808897,0.0686157,0.0254149,0.610494,-0.275739,-0.0717855,0.177759,-0.050919,0.0761922,0.808897,-1.06259,-0.865414,0.610494,0.000938131,-0.0142735,1.62556,0.00080297,0.0402287,0.808897,-0.0901685,-0.047165,0.610494,0.0706464,0.0337873,1.62556,-0.548947,-0.829064,0.177759,-0.0252792,-0.0780997
1.66872,0.0924935,0.0404322,0.188286,-0.00508563,0.0288015,0.842171,0.0761163,0.0255693,0.631355,-0.280652,-0.0702771,0.188286,-0.0373166,0.0863794,0.842171,-1.09159,-0.897257,0.631355,0.00152721,-0.0141013,1.66872,0.00350837,0.0417014,0.842171,-0.088322,-0.0483535,0.631355,0.062453,0.03413,1.66872,-0.543725,-0.85023,0.188286,-0.0259322,-0.0835645
1.71189,0.0867807,0.0408839,0.198813,-0.0135693,0.0291582,0.875444,0.0828397,0.0257237,0.652217,-0.271648,-0.0687688,0.198813,-0.0210109,0.0965667,0.875444,-1.1216,-0.929101,0.652217,-0.000971753,-0.0139291,1.71189,0.00621377,0.0431741,0.875444,-0.0858026,-0.049542,0.652217,0.0427332,0.0344728,1.71189,-0.538503,-0.871397,0.198813,-0.0289672,-0.0890293
1.75505,0.0810678,0.0413356,0.209339,-0.0220531,0.0295149,0.908718,0.0887778,0.0258781,0.673079,-0.261123,-0.0672604,0.209339,-0.00470513,0.106754,0.908718,-1.15263,-0.960944,0.673079,-0.00380804,-0.0137569,1.75505,0.00891917,0.0446468,0.908718,-0.0826034,-0.0507305,0.673079,0.0217543,0.0348155,1.75505,-0.533282,-0.892563,0.209339,-0.0320022,-0.0944941
1.79822,0.075355,0.0417873,0.219866,-0.0305368,0.0298716,0.941991,0.094716,0.0260325,0.69394,-0.250599,-0.065752,0.219866,0.0116006,0.116941,0.941991,-1.18367,-0.992788,0.69394,-0.00664433,-0.0135847,1.79822,0.0116246,0.0461195,0.941991,-0.0794042,-0.051919,0.69394,0.000775479,0.0351583,1.79822,-0.52806,-0.913729,0.219866,-0.0350372,-0.0999589
1.84138,0.0696421,0.0422391,0.230393,-0.0387992,0.0302283,0.975264,0.100654,0.026187,0.714802,-0.240075,-0.0642436,0.230393,0.0283801,0.127129,0.975264,-1.21471,-1.02463,0.714802,-0.00948062,-0.0134125,1.84138,0.01433,0.0475922,0.975264,-0.076205,-0.0531076,0.714802,-0.0202034,0.035501,1.84138,-0.522838,-0.934896,0.230393,-0.039251,-0.105424
1.88455,0.0639293,0.0426908,0.240919,-0.0455521,0.0305851,1.00854,0.106592,0.0263414,0.735664,-0.171195,-0.0627352,0.240919,0.0450589,0.137316,1.00854,-1.24574,-1.05648,0.735664,-0.0254239,-0.0132403,1.88455,0.0170354,0.0490649,1.00854,-0.0730058,-0.0542961,0.735664,-0.0880073,0.0358438,1.88455,-0.517616,-0.956062,0.240919,-0.0495287,-0.110888
1.92771,0.0582165,0.0431425,0.251446,-0.052305,0.0309418,1.04181,0.107307,0.0264958,0.756525,-0.0984805,-0.0612268,0.251446,0.0617376,0.147503,1.04181,-1.2881,-1.08832,0.756525,-0.0422287,-0.0130681,1.92771,0.0197408,0.0505376,1.04181,-0.068848,-0.0554846,0.756525,-0.158889,0.0361865,1.92771,-0.512394,-0.977228,0.251446,-0.0598064,-0.116353
1.97088,0.0525036,0.0435942,0.261973,-0.059058,0.0312985,1.07508,0.106971,0.0266502,0.777387,-0.0257655,-0.0597184,0.261973,0.0784164,0.15769,1.07508,-1.33274,-1.12016,0.777387,-0.0590336,-0.0128959,1.97088,0.0224462,0.0520103,1.07508,-0.0644972,-0.0566731,0.777387,-0.229771,0.0365293,1.97088,-0.507172,-0.998395,0.261973,-0.0700841,-0.121818
2.01404,0.0467908,0.0440459,0.272499,-0.0658109,0.0316552,1.10836,0.106636,0.0268046,0.798248,0.0469495,-0.05821,0.272499,0.0950951,0.167878,1.10836,-1.37737,-1.15201,0.798248,-0.0758384,-0.0127237,2.01404,0.0251516,0.053483,1.10836,-0.0601465,-0.0578616,0.798248,-0.300652,0.036872,2.01404,-0.50195,-1.01956,0.272499,-0.0803618,-0.127283
2.05721,0.041078,0.0444976,0.283026,-0.0694513,0.0320119,1.14163,0.1063,0.0269591,0.81911,0.119665,-0.0567016,0.283026,0.106484,0.178065,1.14163,-1.42201,-1.18385,0.81911,-0.0926432,-0.0125515,2.05721,0.027857,0.0549557,1.14163,-0.0557957,-0.0590501,0.81911,-0.371534,0.0372148,2.05721,-0.496729,-1.04073,0.283026,-0.100128,-0.132748
2.10037,0.0353651,0.0449493,0.293553,-0.0729986,0.0323686,1.1749,0.105964,0.0271135,0.839972,0.192379,-0.0551932,0.293553,0.117715,0.188252,1.1749,-1.46664,-1.21569,0.839972,-0.109448,-0.0123793,2.10037,0.0305624,0.0564284,1.1749,-0.051445,-0.0602386,0.839972,-0.442416,0.0375575,2.10037,-0.491507,-1.06189,0.293553,-0.120177,-0.138212
2.14354,0.0296523,0.0454011,0.304079,-0.076546,0.0327253,1.20818,0.105628,0.0272679,0.860833,0.265094,-0.0536848,0.304079,0.128946,0.19844,1.20818,-1.51128,-1.24754,0.860833,-0.126253,-0.0122071,2.14354,0.0332678,0.057901,1.20818,-0.0470942,-0.0614271,0.860833,-0.513298,0.0379003,2.14354,-0.486285,-1.08306,0.304079,-0.140226,-0.143677
2.1867,0.0239395,0.0458528,0.314606,-0.0800597,0.0330821,1.24145,0.10084,0.0274223,0.881695,0.337809,-0.0521764,0.314606,0.140103,0.208627,1.24145,-1.56646,-1.27938,0.881695,-0.143058,-0.0120349,2.1867,0.0359732,0.0593737,1.24145,-0.0426337,-0.0626156,0.881695,-0.584179,0.0382431,2.1867,-0.481063,-1.10423,0.314606,-0.160368,-0.149142
2.22987,0.0182266,0.0463045,0.325132,-0.0806429,0.0334388,1.27472,0.0912467,0.0275767,0.902556,0.410524,-0.050668,0.325132,0.144702,0.218814,1.27472,-1.63325,-1.31122,0.902556,-0.159862,-0.0118627,2.22987,0.0386786,0.0608464,1.27472,-0.0382368,-0.0638041,0.902556,-0.655061,0.0385858,2.22987,-0.475841,-1.12539,0.325132,-0.188507,-0.154607
2.27304,0.0125138,0.0467562,0.335659,-0.0796097,0.0337955,1.308,0.080126,0.0277312,0.923418,0.483239,-0.0491596,0.335659,0.145335,0.229002,1.308,-1.70378,-1.34307,0.923418,-0.176667,-0.0116905,2.27304,0.041384,0.0623191,1.308,-0.0339023,-0.0649927,0.923418,-0.725943,0.0389286,2.27304,-0.470619,-1.14656,0.335659,-0.22085,-0.160072
2.3162,0.000856119,0.0472079,0.346186,-0.0785765,0.0341522,1.34127,0.0690054,0.0278856,0.94428,0.555954,-0.0476512,0.346186,0.145969,0.239189,1.34127,-1.77432,-1.37491,0.94428,-0.193472,-0.0115183,2.3162,0.0462738,0.0637918,1.34127,-0.0295679,-0.0661812,0.94428,-0.796824,0.0392713,2.3162,-0.466358,-1.16773,0.346186,-0.253193,-0.165536
