time_pwRes,time_pwRes_spline,time_iwRes,time_iwRes_spline,time_npde,time_npde_spline,prediction_pwRes,prediction_pwRes_spline,prediction_iwRes,prediction_iwRes_spline,prediction_npde,prediction_npde_spline,split
0.001,0.515047,0.001,0.179156,0.001,0.171348,0.00082525,0.00995429,0.000172258,0.218626,0.00082525,0.204566,All
0.00127152,0.515143,0.00127152,0.179108,0.00127152,0.171389,0.00103631,0.0428946,0.000229065,0.216311,0.00103631,0.205489,All
0.00161676,0.515265,0.00161676,0.179047,0.00161676,0.17144,0.00130135,0.0842595,0.000304605,0.21325,0.00130135,0.206649,All
0.00205574,0.515421,0.00205574,0.17897,0.00205574,0.171505,0.00163417,0.136204,0.000405057,0.209219,0.00163417,0.208106,All
0.00261392,0.515618,0.00261392,0.178871,0.00261392,0.171587,0.00205211,0.192388,0.000538636,0.203938,0.00205211,0.209087,All
0.00332365,0.515869,0.00332365,0.178746,0.00332365,0.171692,0.00257694,0.24562,0.000716265,0.196989,0.00257694,0.2087,All
0.00422609,0.516188,0.00422609,0.178586,0.00422609,0.171826,0.00323599,0.294678,0.000952473,0.187948,0.00323599,0.206565,All
0.00537355,0.516593,0.00537355,0.178384,0.00537355,0.171995,0.0040636,0.330865,0.00126658,0.176287,0.0040636,0.201547,All
0.00683257,0.517109,0.00683257,0.178126,0.00683257,0.172211,0.00510287,0.339951,0.00168426,0.161397,0.00510287,0.191951,All
0.00868775,0.517765,0.00868775,0.177798,0.00868775,0.172486,0.00640794,0.308455,0.00223969,0.142632,0.00640794,0.176172,All
0.0110466,0.518598,0.0110466,0.177382,0.0110466,0.172834,0.00804678,0.237832,0.00297829,0.119588,0.00804678,0.154292,All
0.014046,0.519658,0.014046,0.176852,0.014046,0.173278,0.0101048,0.165283,0.00396046,0.0922134,0.0101048,0.130779,All
0.0178598,0.521006,0.0178598,0.176178,0.0178598,0.173842,0.0126891,0.17341,0.00526653,0.0614627,0.0126891,0.117644,All
0.0227091,0.52272,0.0227091,0.175322,0.0227091,0.174559,0.0159343,0.341741,0.00700331,0.0300754,0.0159343,0.133766,All
0.028875,0.524899,0.028875,0.174233,0.028875,0.175472,0.0200095,0.368503,0.00931284,0.00371876,0.0200095,0.16379,All
0.0367152,0.52767,0.0367152,0.172848,0.0367152,0.176631,0.025127,0.120706,0.012384,-0.0082444,0.025127,0.159091,All
0.0466841,0.531194,0.0466841,0.171087,0.0466841,0.178106,0.0315532,1.03153,0.0164679,0.0063624,0.0315532,0.179176,All
0.0593597,0.535674,0.0593597,0.168848,0.0593597,0.179981,0.039623,0.570741,0.0218987,0.056823,0.039623,0.183594,All
0.075477,0.54137,0.075477,0.166001,0.075477,0.182365,0.0497567,-0.0436524,0.0291204,0.13208,0.0497567,0.191314,All
0.0959705,0.548613,0.0959705,0.162382,0.0959705,0.185396,0.062482,0.0950481,0.0387236,0.19301,0.062482,0.225671,All
0.122028,0.557823,0.122028,0.157779,0.122028,0.18925,0.0784619,0.2893,0.0514937,0.220086,0.0784619,0.257693,All
0.155162,0.569533,0.155162,0.151927,0.155162,0.194151,0.0985286,0.432207,0.0684752,0.189646,0.0985286,0.277366,All
0.197291,0.584423,0.197291,0.144486,0.197291,0.200383,0.123727,0.490614,0.0910567,0.127591,0.123727,0.277759,All
0.250859,0.600179,0.250859,0.135959,0.250859,0.207331,0.155371,0.507171,0.121085,0.0665659,0.155371,0.26692,All
0.318972,0.614348,0.318972,0.126842,0.318972,0.214366,0.195107,0.467589,0.161016,0.0208553,0.195107,0.243545,All
0.40558,0.632365,0.40558,0.115251,0.40558,0.223312,0.245006,0.414544,0.214115,-0.00628979,0.245006,0.214171,All
0.515702,0.655273,0.515702,0.100511,0.515702,0.234686,0.307667,0.360593,0.284726,-0.0211094,0.307667,0.184261,All
0.655726,0.673013,0.655726,0.085236,0.655726,0.24549,0.386353,0.305541,0.378621,-0.0293438,0.386353,0.1537,All
0.833768,0.667862,0.833768,0.0749477,0.833768,0.249322,0.485163,0.258362,0.503482,-0.0243836,0.485163,0.12743,All
1.06015,0.657447,1.06015,0.0631566,1.06015,0.252791,0.609244,0.224236,0.669519,-0.00221622,0.609244,0.108308,All
1.348,0.644205,1.348,0.048164,1.348,0.257201,0.765059,0.210697,0.89031,0.0333448,0.765059,0.100525,All
1.71401,0.598957,1.71401,0.0404776,1.71401,0.249788,0.960724,0.210645,1.18391,0.0485033,0.960724,0.100213,All
2.1794,0.520633,2.1794,0.0437603,2.1794,0.224088,1.20643,0.215703,1.57434,0.0158449,1.20643,0.102909,All
2.77115,0.448874,2.77115,0.0516964,2.77115,0.182915,1.45559,0.220189,2.09352,-0.0458219,1.45559,0.105703,All
3.29088,0.455188,3.29088,0.0527689,3.29088,0.147749,1.51498,0.221247,2.78392,-0.0807341,1.51498,0.10637,All
3.52358,0.478157,3.52358,0.0509228,3.52358,0.134135,1.90243,0.227567,3.70199,-0.0696881,1.90243,0.110775,All
4.4803,0.604839,4.4803,0.0404456,4.4803,0.0989189,2.38898,0.233969,4.92282,-0.0323117,2.38898,0.116434,All
5.69678,0.540491,5.69678,0.0581435,5.69678,0.124425,2.91036,0.239232,5.32303,-0.0208599,2.91036,0.122611,All
6.58076,0.296298,6.58076,0.103327,6.58076,0.186214,2.99997,0.239995,6.54625,0.0101345,2.99997,0.123681,All
7.24357,0.198209,7.24357,0.139869,7.24357,0.22928,3.76722,0.244959,8.70504,0.0569702,3.76722,0.132913,All
9.21034,0.736661,9.21034,0.19141,9.21034,0.24746,4.36512,0.247093,10.6459,0.0882807,4.36512,0.140138,All
9.87063,0.877713,9.87063,0.185384,9.87063,0.228179,4.73069,0.247861,11.5758,0.0973343,4.73069,0.14454,All
11.7111,0.258183,11.7111,0.13557,11.7111,0.191046,5.81989,0.248327,15.3932,0.127262,5.81989,0.157475,All
13.1605,0.0986576,13.1605,0.115551,13.1605,0.18914,5.94057,0.248269,15.9688,0.128513,5.94057,0.158885,All
14.8909,1.27137,14.8909,0.141236,14.8909,0.208921,7.27465,0.246887,20.4695,0.123238,7.27465,0.173843,All
16.4504,2.15181,16.4504,0.143208,16.4504,0.217798,7.45987,0.246652,21.2916,0.119412,7.45987,0.175853,All
18.9341,1.35567,18.9341,0.0372292,18.9341,0.180493,8.72942,0.244599,26.6145,0.077205,8.72942,0.188895,All
19.7403,0.952734,19.7403,0.00322325,19.7403,0.164262,9.36775,0.243329,27.2199,0.07197,9.36775,0.195051,All
23.0301,0.102563,23.0301,-0.0150925,23.0301,0.144434,10.1842,0.24165,31.9373,0.0304379,10.1842,0.202833,All
24.0751,0.194516,24.0751,0.0238716,24.0751,0.162449,11.6389,0.237611,36.1963,-0.004912,11.6389,0.214912,All
26.32,0.449086,26.32,0.0752581,26.32,0.183525,11.7636,0.237178,37.2602,-0.0137422,11.7636,0.215798,All
29.6099,0.279841,29.6099,-0.00134587,29.6099,0.142665,13.0937,0.232562,42.5831,-0.0579224,13.0937,0.22526,All
30.612,0.263463,30.612,-0.00833264,30.612,0.148021,14.5485,0.227513,47.9059,-0.094568,14.5485,0.235608,All
32.8998,0.300848,32.8998,0.0163697,32.8998,0.180666,14.7721,0.226737,48.133,-0.0958948,14.7721,0.237199,All
36.1897,0.285748,36.1897,0.0822368,36.1897,0.191992,16.0032,0.222465,53.2288,-0.125665,16.0032,0.245956,All
38.9237,0.228074,38.9237,0.09625,38.9237,0.167242,17.458,0.216351,58.5516,-0.151332,17.458,0.254429,All
39.4795,0.21907,39.4795,0.0907933,39.4795,0.160621,18.5501,0.211004,63.8745,-0.173293,18.5501,0.259459,All
42.7694,0.179366,42.7694,0.0403448,42.7694,0.124212,18.9128,0.209229,64.0062,-0.173836,18.9128,0.261129,All
46.0593,0.149841,46.0593,0.0111308,46.0593,0.108971,20.3675,0.202107,69.1974,-0.190716,20.3675,0.267829,All
49.3492,0.122822,49.3492,0.00504542,49.3492,0.111079,21.8223,0.194318,74.5202,-0.202125,21.8223,0.273222,All
49.4922,0.121648,49.4922,0.00497205,49.4922,0.111379,23.2771,0.183962,79.8431,-0.213534,23.2771,0.273595,All
52.639,0.0951833,52.639,0.00223174,52.639,0.118673,23.2943,0.183839,85.1139,-0.224155,23.2943,0.273599,All
55.9289,0.066545,55.9289,-0.00119303,55.9289,0.126749,24.7318,0.173605,85.166,-0.224204,24.7318,0.273967,All
59.2188,0.0386668,59.2188,0.0014922,59.2188,0.13402,26.1866,0.163249,90.4888,-0.227707,26.1866,0.274339,All
62.5087,0.0123913,62.5087,0.0123563,62.5087,0.139971,27.6414,0.152893,95.8117,-0.229218,27.6414,0.274711,All
62.9304,0.00911776,62.9304,0.0140982,62.9304,0.140652,29.0961,0.142536,101.135,-0.231576,29.0961,0.275083,All
65.7986,-0.012691,65.7986,0.0265633,65.7986,0.144842,29.2518,0.141428,106.457,-0.234127,29.2518,0.275123,All
69.0884,-0.0371,69.0884,0.0387336,69.0884,0.148943,30.5509,0.13218,111.78,-0.236678,30.5509,0.275456,All
72.3783,-0.0613504,72.3783,0.043415,72.3783,0.152576,32.0057,0.121824,113.183,-0.237349,32.0057,0.275828,All
75.6682,-0.0860038,75.6682,0.0340496,75.6682,0.156028,33.4604,0.111467,117.103,-0.239228,33.4604,0.2762,All
78.9581,-0.110984,78.9581,0.0164398,78.9581,0.159425,34.9152,0.101111,122.426,-0.241779,34.9152,0.276572,All
80.0172,-0.119149,80.0172,0.00809131,80.0172,0.160489,36.37,0.0907545,127.749,-0.24433,36.37,0.276944,All
82.2479,-0.13647,82.2479,-0.0116181,82.2479,0.162677,36.733,0.0881697,133.072,-0.246881,36.733,0.277037,All
85.5378,-0.162259,85.5378,-0.0434327,85.5378,0.165741,37.8247,0.0803981,138.395,-0.249431,37.8247,0.277317,All
88.8277,-0.188265,88.8277,-0.074787,88.8277,0.168546,39.2795,0.0700418,143.717,-0.251982,39.2795,0.277689,All
92.1176,-0.214381,92.1176,-0.101406,92.1176,0.171041,40.7343,0.0596854,149.04,-0.254533,40.7343,0.278061,All
95.4074,-0.240522,95.4074,-0.119551,95.4074,0.173173,42.189,0.0483988,150.507,-0.255236,42.189,0.275997,All
98.6973,-0.266656,98.6973,-0.129378,98.6973,0.174996,43.6438,0.0364949,154.363,-0.257084,43.6438,0.272317,All
101.743,-0.290836,101.743,-0.131787,101.743,0.176464,45.0985,0.0245909,159.686,-0.259634,45.0985,0.268637,All
101.987,-0.29277,101.987,-0.13178,101.987,0.176576,46.1276,0.0161813,165.009,-0.262185,46.1276,0.26601,All
105.277,-0.31885,105.277,-0.127929,105.277,0.177991,46.5533,0.0128079,170.332,-0.264736,46.5533,0.264695,All
108.567,-0.344882,108.567,-0.11915,108.567,0.179321,48.0081,0.00128102,175.655,-0.267287,48.0081,0.2602,All
111.857,-0.370819,111.857,-0.10496,111.857,0.180661,49.4628,-0.0102459,180.977,-0.269837,49.4628,0.255704,All
115.147,-0.396756,115.147,-0.0907705,115.147,0.182001,50.9176,-0.0217728,186.3,-0.272388,50.9176,0.251209,All
118.437,-0.422522,118.437,-0.0735111,118.437,0.183616,52.3724,-0.0332997,191.623,-0.274939,52.3724,0.246714,All
121.726,-0.44825,121.726,-0.0557992,121.726,0.1853,53.8271,-0.0448266,196.946,-0.27749,53.8271,0.242219,All
125.016,-0.473848,125.016,-0.0392239,125.016,0.187329,55.2819,-0.0563535,200.141,-0.279021,55.2819,0.237723,All
128.306,-0.499314,128.306,-0.0238012,128.306,0.189707,56.7367,-0.0678804,202.269,-0.280041,56.7367,0.233228,All
129.369,-0.507538,129.369,-0.0188202,129.369,0.190475,57.9248,-0.0772943,207.592,-0.282591,57.9248,0.229557,All
131.596,-0.524709,131.596,-0.00987401,131.596,0.192307,58.1914,-0.0794073,212.915,-0.285142,58.1914,0.228733,All
134.886,-0.549463,134.886,-0.0183094,134.886,0.197259,59.6462,-0.0909342,218.237,-0.287693,59.6462,0.224238,All
138.176,-0.5737,138.176,-0.0468642,138.176,0.204192,61.101,-0.100652,223.56,-0.290244,61.101,0.22078,All
141.466,-0.597936,141.466,-0.0754189,141.466,0.211124,62.5557,-0.109592,228.883,-0.292794,62.5557,0.217768,All
144.756,-0.622173,144.756,-0.103974,144.756,0.218056,64.0105,-0.118531,234.206,-0.295345,64.0105,0.214756,All
148.045,-0.646409,148.045,-0.132528,148.045,0.224989,65.4653,-0.12747,239.529,-0.297896,65.4653,0.211744,All
151.335,-0.670646,151.335,-0.161083,151.335,0.231921,66.92,-0.13641,244.852,-0.32556,66.92,0.208732,All
154.625,-0.694883,154.625,-0.189638,154.625,0.238854,68.3748,-0.145349,250.175,-0.381882,68.3748,0.20572,All
157.915,-0.719119,157.915,-0.218193,157.915,0.245786,69.8296,-0.154288,255.498,-0.438203,69.8296,0.202708,All
161.205,-0.743356,161.205,-0.246748,161.205,0.252719,71.2843,-0.163228,260.82,-0.494524,71.2843,0.199696,All
164.495,-0.767592,164.495,-0.275302,164.495,0.259651,72.7391,-0.172167,266.143,-0.550845,72.7391,0.196684,All
