pwRes_abscissa,pwRes_cdf,iwRes_abscissa,iwRes_cdf,npde_abscissa,npde_cdf,split
-4,0,-4,0,-4,0,All
-0.450483,0.00294118,-1.11053,0.00294118,-0.873968,0.00294118,All
-0.441747,0.00588235,-1.11042,0.00588235,-0.757346,0.00588235,All
-0.407792,0.00882353,-1.10891,0.00882353,-0.750704,0.00882353,All
-0.368284,0.0117647,-1.10855,0.0117647,-0.731935,0.0117647,All
-0.367275,0.0147059,-1.10827,0.0147059,-0.716346,0.0147059,All
-0.345024,0.0176471,-1.10817,0.0176471,-0.704182,0.0176471,All
-0.340496,0.0205882,-1.10786,0.0205882,-0.694671,0.0205882,All
-0.336774,0.0235294,-1.10555,0.0235294,-0.687135,0.0235294,All
-0.336141,0.0264706,-1.10478,0.0264706,-0.676945,0.0264706,All
-0.334991,0.0294118,-1.10248,0.0294118,-0.648634,0.0294118,All
-0.331244,0.0323529,-1.1013,0.0323529,-0.647095,0.0323529,All
-0.318042,0.0352941,-1.10028,0.0352941,-0.636751,0.0352941,All
-0.316431,0.0382353,-1.10006,0.0382353,-0.629639,0.0382353,All
-0.311867,0.0411765,-1.09821,0.0411765,-0.619887,0.0411765,All
-0.311475,0.0441176,-1.09769,0.0441176,-0.591615,0.0441176,All
-0.309318,0.0470588,-1.09503,0.0470588,-0.582784,0.0470588,All
-0.305177,0.05,-1.09412,0.05,-0.563465,0.05,All
-0.302192,0.0529412,-1.09265,0.0529412,-0.559058,0.0529412,All
-0.302052,0.0558824,-1.09108,0.0558824,-0.556286,0.0558824,All
-0.301038,0.0588235,-1.09106,0.0588235,-0.54236,0.0588235,All
-0.295431,0.0617647,-1.09,0.0617647,-0.539889,0.0617647,All
-0.29421,0.0647059,-1.0896,0.0647059,-0.537713,0.0647059,All
-0.289422,0.0676471,-1.08836,0.0676471,-0.530199,0.0676471,All
-0.287135,0.0705882,-1.08369,0.0705882,-0.529371,0.0705882,All
-0.285957,0.0735294,-1.07798,0.0735294,-0.526989,0.0735294,All
-0.284479,0.0764706,-1.07411,0.0764706,-0.506326,0.0764706,All
-0.28417,0.0794118,-1.0667,0.0794118,-0.499237,0.0794118,All
-0.284018,0.0823529,-1.06669,0.0823529,-0.487988,0.0823529,All
-0.281684,0.0852941,-1.06413,0.0852941,-0.485989,0.0852941,All
-0.274143,0.0882353,-1.06198,0.0882353,-0.482834,0.0882353,All
-0.27339,0.0911765,-1.0569,0.0911765,-0.480155,0.0911765,All
-0.267237,0.0941176,-1.05546,0.0941176,-0.471777,0.0941176,All
-0.266829,0.0970588,-1.05042,0.0970588,-0.468994,0.0970588,All
-0.264471,0.1,-1.05031,0.1,-0.465608,0.1,All
-0.260993,0.102941,-1.04364,0.102941,-0.464432,0.102941,All
-0.260685,0.105882,-1.04257,0.105882,-0.456706,0.105882,All
-0.259602,0.108824,-1.02365,0.108824,-0.452318,0.108824,All
-0.258992,0.111765,-1.02245,0.111765,-0.446437,0.111765,All
-0.257925,0.114706,-1.02131,0.114706,-0.444444,0.114706,All
-0.255677,0.117647,-1.0208,0.117647,-0.441064,0.117647,All
-0.255081,0.120588,-1.01933,0.120588,-0.436724,0.120588,All
-0.253704,0.123529,-1.00901,0.123529,-0.434724,0.123529,All
-0.251959,0.126471,-1.00571,0.126471,-0.42552,0.126471,All
-0.25176,0.129412,-0.999702,0.129412,-0.419593,0.129412,All
-0.251474,0.132353,-0.991799,0.132353,-0.409973,0.132353,All
-0.250706,0.135294,-0.990642,0.135294,-0.397162,0.135294,All
-0.249047,0.138235,-0.986558,0.138235,-0.396407,0.138235,All
-0.24777,0.141176,-0.985444,0.141176,-0.390308,0.141176,All
-0.247525,0.144118,-0.985331,0.144118,-0.37865,0.144118,All
-0.2449,0.147059,-0.980501,0.147059,-0.378487,0.147059,All
-0.244827,0.15,-0.96555,0.15,-0.377885,0.15,All
-0.244645,0.152941,-0.962684,0.152941,-0.376922,0.152941,All
-0.243412,0.155882,-0.958958,0.155882,-0.374322,0.155882,All
-0.243158,0.158824,-0.958372,0.158824,-0.374076,0.158824,All
-0.24294,0.161765,-0.945918,0.161765,-0.371735,0.161765,All
-0.241756,0.164706,-0.937377,0.164706,-0.358169,0.164706,All
-0.241599,0.167647,-0.932856,0.167647,-0.35493,0.167647,All
-0.240678,0.170588,-0.931823,0.170588,-0.354069,0.170588,All
-0.239849,0.173529,-0.930935,0.173529,-0.353838,0.173529,All
-0.238277,0.176471,-0.92092,0.176471,-0.352738,0.176471,All
-0.235874,0.179412,-0.91644,0.179412,-0.352691,0.179412,All
-0.235855,0.182353,-0.906638,0.182353,-0.340533,0.182353,All
-0.235782,0.185294,-0.906529,0.185294,-0.339166,0.185294,All
-0.235287,0.188235,-0.895727,0.188235,-0.33865,0.188235,All
-0.235102,0.191176,-0.886453,0.191176,-0.330915,0.191176,All
-0.23122,0.194118,-0.885145,0.194118,-0.327783,0.194118,All
-0.229765,0.197059,-0.883404,0.197059,-0.325301,0.197059,All
-0.229068,0.2,-0.881427,0.2,-0.324145,0.2,All
-0.225899,0.202941,-0.879691,0.202941,-0.323246,0.202941,All
-0.22489,0.205882,-0.879613,0.205882,-0.322282,0.205882,All
-0.224409,0.208824,-0.879046,0.208824,-0.318944,0.208824,All
-0.224079,0.211765,-0.878696,0.211765,-0.31773,0.211765,All
-0.223516,0.214706,-0.877608,0.214706,-0.317187,0.214706,All
-0.223417,0.217647,-0.876149,0.217647,-0.314904,0.217647,All
-0.222754,0.220588,-0.868947,0.220588,-0.31427,0.220588,All
-0.222507,0.223529,-0.859032,0.223529,-0.312958,0.223529,All
-0.221705,0.226471,-0.835648,0.226471,-0.312217,0.226471,All
-0.221362,0.229412,-0.835188,0.229412,-0.308766,0.229412,All
-0.219484,0.232353,-0.828373,0.232353,-0.30568,0.232353,All
-0.217107,0.235294,-0.818073,0.235294,-0.301851,0.235294,All
-0.217049,0.238235,-0.817295,0.238235,-0.290772,0.238235,All
-0.21683,0.241176,-0.811126,0.241176,-0.290091,0.241176,All
-0.216707,0.244118,-0.806393,0.244118,-0.282112,0.244118,All
-0.216113,0.247059,-0.801212,0.247059,-0.280961,0.247059,All
-0.215802,0.25,-0.801195,0.25,-0.279542,0.25,All
-0.215541,0.252941,-0.795314,0.252941,-0.278783,0.252941,All
-0.215121,0.255882,-0.786038,0.255882,-0.276106,0.255882,All
-0.213971,0.258824,-0.785353,0.258824,-0.2726,0.258824,All
-0.213694,0.261765,-0.77864,0.261765,-0.270348,0.261765,All
-0.211794,0.264706,-0.769906,0.264706,-0.265284,0.264706,All
-0.211674,0.267647,-0.76759,0.267647,-0.25973,0.267647,All
-0.211461,0.270588,-0.765399,0.270588,-0.258482,0.270588,All
-0.211148,0.273529,-0.763786,0.273529,-0.258283,0.273529,All
-0.211009,0.276471,-0.752344,0.276471,-0.256419,0.276471,All
-0.210848,0.279412,-0.746346,0.279412,-0.251832,0.279412,All
-0.210284,0.282353,-0.740717,0.282353,-0.251113,0.282353,All
-0.210132,0.285294,-0.736702,0.285294,-0.245301,0.285294,All
-0.207372,0.288235,-0.722448,0.288235,-0.241998,0.288235,All
-0.207226,0.291176,-0.718839,0.291176,-0.234106,0.291176,All
-0.206738,0.294118,-0.715023,0.294118,-0.233336,0.294118,All
-0.206511,0.297059,-0.712182,0.297059,-0.22777,0.297059,All
-0.20647,0.3,-0.706513,0.3,-0.224986,0.3,All
-0.205993,0.302941,-0.700072,0.302941,-0.22433,0.302941,All
-0.204916,0.305882,-0.695501,0.305882,-0.214472,0.305882,All
-0.204252,0.308824,-0.685407,0.308824,-0.208653,0.308824,All
-0.204026,0.311765,-0.683977,0.311765,-0.207896,0.311765,All
-0.203929,0.314706,-0.664249,0.314706,-0.2073,0.314706,All
-0.202746,0.317647,-0.642671,0.317647,-0.202431,0.317647,All
-0.202446,0.320588,-0.633845,0.320588,-0.197257,0.320588,All
-0.202066,0.323529,-0.615088,0.323529,-0.195857,0.323529,All
-0.201919,0.326471,-0.612482,0.326471,-0.19286,0.326471,All
-0.201446,0.329412,-0.610622,0.329412,-0.190271,0.329412,All
-0.201354,0.332353,-0.602184,0.332353,-0.189126,0.332353,All
-0.201207,0.335294,-0.599196,0.335294,-0.176514,0.335294,All
-0.199759,0.338235,-0.598898,0.338235,-0.176109,0.338235,All
-0.198592,0.341176,-0.587529,0.341176,-0.173441,0.341176,All
-0.197475,0.344118,-0.586871,0.344118,-0.164113,0.344118,All
-0.196252,0.347059,-0.574072,0.347059,-0.160605,0.347059,All
-0.195556,0.35,-0.553269,0.35,-0.158639,0.35,All
-0.195145,0.352941,-0.546381,0.352941,-0.155942,0.352941,All
-0.1941,0.355882,-0.540066,0.355882,-0.150245,0.355882,All
-0.194059,0.358824,-0.528393,0.358824,-0.146662,0.358824,All
-0.193258,0.361765,-0.525789,0.361765,-0.142696,0.361765,All
-0.193078,0.364706,-0.519357,0.364706,-0.136213,0.364706,All
-0.192402,0.367647,-0.51924,0.367647,-0.133176,0.367647,All
-0.192179,0.370588,-0.515408,0.370588,-0.130909,0.370588,All
-0.191421,0.373529,-0.496639,0.373529,-0.127291,0.373529,All
-0.19068,0.376471,-0.479174,0.376471,-0.125504,0.376471,All
-0.190242,0.379412,-0.478639,0.379412,-0.120026,0.379412,All
-0.190019,0.382353,-0.457172,0.382353,-0.11683,0.382353,All
-0.189944,0.385294,-0.453541,0.385294,-0.108568,0.385294,All
-0.1898,0.388235,-0.448613,0.388235,-0.100545,0.388235,All
-0.188955,0.391176,-0.439775,0.391176,-0.100139,0.391176,All
-0.188326,0.394118,-0.43969,0.394118,-0.0963164,0.394118,All
-0.18798,0.397059,-0.428335,0.397059,-0.095507,0.397059,All
-0.187924,0.4,-0.419935,0.4,-0.0792688,0.4,All
-0.187408,0.402941,-0.40376,0.402941,-0.0780605,0.402941,All
-0.187398,0.405882,-0.394286,0.405882,-0.0766706,0.405882,All
-0.186932,0.408824,-0.370119,0.408824,-0.0765871,0.408824,All
-0.185503,0.411765,-0.367441,0.411765,-0.0720625,0.411765,All
-0.185415,0.414706,-0.362898,0.414706,-0.0674418,0.414706,All
-0.185274,0.417647,-0.32336,0.417647,-0.0671798,0.417647,All
-0.185127,0.420588,-0.3091,0.420588,-0.0625581,0.420588,All
-0.18509,0.423529,-0.298005,0.423529,-0.0611825,0.423529,All
-0.184825,0.426471,-0.277565,0.426471,-0.0563191,0.426471,All
-0.184214,0.429412,-0.270984,0.429412,-0.052516,0.429412,All
-0.183156,0.432353,-0.267217,0.432353,-0.0457462,0.432353,All
-0.182279,0.435294,-0.266852,0.435294,-0.0409003,0.435294,All
-0.181793,0.438235,-0.264269,0.438235,-0.0407109,0.438235,All
-0.181282,0.441176,-0.231175,0.441176,-0.032547,0.441176,All
-0.180454,0.444118,-0.219634,0.444118,-0.0302082,0.444118,All
-0.180407,0.447059,-0.215888,0.447059,-0.0288246,0.447059,All
-0.180344,0.45,-0.214611,0.45,-0.0250338,0.45,All
-0.179707,0.452941,-0.213493,0.452941,-0.0249782,0.452941,All
-0.179371,0.455882,-0.203699,0.455882,-0.0226687,0.455882,All
-0.178969,0.458824,-0.19894,0.458824,-0.0159783,0.458824,All
-0.178688,0.461765,-0.193609,0.461765,-0.0151897,0.461765,All
-0.178453,0.464706,-0.19048,0.464706,-0.013563,0.464706,All
-0.178234,0.467647,-0.190312,0.467647,-0.013474,0.467647,All
-0.178107,0.470588,-0.185763,0.470588,-0.0131565,0.470588,All
-0.177439,0.473529,-0.172744,0.473529,-0.00939712,0.473529,All
-0.177271,0.476471,-0.1699,0.476471,-0.00601021,0.476471,All
-0.175538,0.479412,-0.164828,0.479412,-0.00561771,0.479412,All
-0.175348,0.482353,-0.15175,0.482353,-0.00461736,0.482353,All
-0.173885,0.485294,-0.133491,0.485294,-0.00296424,0.485294,All
-0.173814,0.488235,-0.122089,0.488235,-0.00270407,0.488235,All
-0.173548,0.491176,-0.119831,0.491176,-0.000467245,0.491176,All
-0.173237,0.494118,-0.119362,0.494118,0.00411721,0.494118,All
-0.172876,0.497059,-0.10993,0.497059,0.00910603,0.497059,All
-0.172716,0.5,-0.103867,0.5,0.0109301,0.5,All
-0.171343,0.502941,-0.0960556,0.502941,0.0122252,0.502941,All
-0.171012,0.505882,-0.0833815,0.505882,0.0125607,0.505882,All
-0.170868,0.508824,-0.0749462,0.508824,0.0147424,0.508824,All
-0.170776,0.511765,-0.0655947,0.511765,0.0153429,0.511765,All
-0.170611,0.514706,-0.0597521,0.514706,0.0206775,0.514706,All
-0.170467,0.517647,-0.0535144,0.517647,0.0283505,0.517647,All
-0.170425,0.520588,-0.045681,0.520588,0.0389084,0.520588,All
-0.169319,0.523529,-0.0447663,0.523529,0.0392791,0.523529,All
-0.169139,0.526471,-0.0227673,0.526471,0.041923,0.526471,All
-0.167727,0.529412,-0.00823858,0.529412,0.0451576,0.529412,All
-0.16673,0.532353,-0.00406231,0.532353,0.0453361,0.532353,All
-0.166418,0.535294,0.00244613,0.535294,0.0538143,0.535294,All
-0.166263,0.538235,0.00403811,0.538235,0.0572962,0.538235,All
-0.166086,0.541176,0.0089786,0.541176,0.0721529,0.541176,All
-0.165747,0.544118,0.017719,0.544118,0.0752382,0.544118,All
-0.165088,0.547059,0.0194049,0.547059,0.0805189,0.547059,All
-0.164242,0.55,0.0303084,0.55,0.0856578,0.55,All
-0.163602,0.552941,0.0342925,0.552941,0.0873937,0.552941,All
-0.163303,0.555882,0.0386581,0.555882,0.0877614,0.555882,All
-0.162424,0.558824,0.0406248,0.558824,0.0920708,0.558824,All
-0.16231,0.561765,0.0462428,0.561765,0.0980537,0.561765,All
-0.162102,0.564706,0.0636957,0.564706,0.10466,0.564706,All
-0.160805,0.567647,0.072702,0.567647,0.108256,0.567647,All
-0.160587,0.570588,0.0821603,0.570588,0.11777,0.570588,All
-0.160043,0.573529,0.0855682,0.573529,0.121959,0.573529,All
-0.159456,0.576471,0.0897822,0.576471,0.12235,0.576471,All
-0.159287,0.579412,0.0903253,0.579412,0.130307,0.579412,All
-0.158832,0.582353,0.114068,0.582353,0.136122,0.582353,All
-0.155415,0.585294,0.117984,0.585294,0.140334,0.585294,All
-0.154299,0.588235,0.12481,0.588235,0.141,0.588235,All
-0.15412,0.591176,0.142665,0.591176,0.142033,0.591176,All
-0.153987,0.594118,0.145207,0.594118,0.142747,0.594118,All
-0.153968,0.597059,0.155451,0.597059,0.147225,0.597059,All
-0.152799,0.6,0.160718,0.6,0.151513,0.6,All
-0.152617,0.602941,0.160859,0.602941,0.158802,0.602941,All
-0.151766,0.605882,0.194063,0.605882,0.161658,0.605882,All
-0.151303,0.608824,0.19712,0.608824,0.162218,0.608824,All
-0.151283,0.611765,0.22031,0.611765,0.166385,0.611765,All
-0.149938,0.614706,0.239787,0.614706,0.16681,0.614706,All
-0.148288,0.617647,0.239836,0.617647,0.171541,0.617647,All
-0.148172,0.620588,0.242324,0.620588,0.174192,0.620588,All
-0.147229,0.623529,0.249161,0.623529,0.178329,0.623529,All
-0.146796,0.626471,0.250301,0.626471,0.182103,0.626471,All
-0.145748,0.629412,0.265862,0.629412,0.182217,0.629412,All
-0.144233,0.632353,0.273525,0.632353,0.187822,0.632353,All
-0.142719,0.635294,0.278088,0.635294,0.18944,0.635294,All
-0.142672,0.638235,0.281802,0.638235,0.200149,0.638235,All
-0.141341,0.641176,0.2994,0.641176,0.202526,0.641176,All
-0.140668,0.644118,0.305309,0.644118,0.206315,0.644118,All
-0.140272,0.647059,0.306735,0.647059,0.207754,0.647059,All
-0.139757,0.65,0.311533,0.65,0.208716,0.65,All
-0.139032,0.652941,0.333698,0.652941,0.209564,0.652941,All
-0.138945,0.655882,0.342277,0.655882,0.214527,0.655882,All
-0.138409,0.658824,0.350472,0.658824,0.217842,0.658824,All
-0.137642,0.661765,0.35074,0.661765,0.220234,0.661765,All
-0.137548,0.664706,0.35656,0.664706,0.22237,0.664706,All
-0.1366,0.667647,0.377882,0.667647,0.22423,0.667647,All
-0.136402,0.670588,0.392296,0.670588,0.232504,0.670588,All
-0.13581,0.673529,0.393922,0.673529,0.236992,0.673529,All
-0.135507,0.676471,0.407592,0.676471,0.241525,0.676471,All
-0.132007,0.679412,0.416428,0.679412,0.244973,0.679412,All
-0.130585,0.682353,0.419159,0.682353,0.246681,0.682353,All
-0.130267,0.685294,0.430851,0.685294,0.248058,0.685294,All
-0.129546,0.688235,0.439151,0.688235,0.256256,0.688235,All
-0.128228,0.691176,0.440524,0.691176,0.271844,0.691176,All
-0.127552,0.694118,0.460072,0.694118,0.274959,0.694118,All
-0.122257,0.697059,0.469721,0.697059,0.275473,0.697059,All
-0.121402,0.7,0.481214,0.7,0.286474,0.7,All
-0.12138,0.702941,0.490882,0.702941,0.286824,0.702941,All
-0.120549,0.705882,0.491219,0.705882,0.288455,0.705882,All
-0.12002,0.708824,0.492963,0.708824,0.291465,0.708824,All
-0.118843,0.711765,0.493794,0.711765,0.293125,0.711765,All
-0.11883,0.714706,0.511108,0.714706,0.296317,0.714706,All
-0.118332,0.717647,0.531941,0.717647,0.309667,0.717647,All
-0.116634,0.720588,0.553065,0.720588,0.321526,0.720588,All
-0.113909,0.723529,0.564764,0.723529,0.330695,0.723529,All
-0.113275,0.726471,0.584059,0.726471,0.333444,0.726471,All
-0.112943,0.729412,0.587082,0.729412,0.335184,0.729412,All
-0.112209,0.732353,0.61357,0.732353,0.342982,0.732353,All
-0.111778,0.735294,0.616449,0.735294,0.350331,0.735294,All
-0.110239,0.738235,0.627595,0.738235,0.351386,0.738235,All
-0.110214,0.741176,0.649964,0.741176,0.352662,0.741176,All
-0.10986,0.744118,0.669212,0.744118,0.35466,0.744118,All
-0.109753,0.747059,0.676681,0.747059,0.357993,0.747059,All
-0.109446,0.75,0.728637,0.75,0.374938,0.75,All
-0.108663,0.752941,0.737877,0.752941,0.378084,0.752941,All
-0.105264,0.755882,0.746146,0.755882,0.379461,0.755882,All
-0.105098,0.758824,0.747795,0.758824,0.405805,0.758824,All
-0.104839,0.761765,0.757338,0.761765,0.422115,0.761765,All
-0.104364,0.764706,0.758888,0.764706,0.429478,0.764706,All
-0.101652,0.767647,0.765713,0.767647,0.438422,0.767647,All
-0.100642,0.770588,0.767263,0.770588,0.440988,0.770588,All
-0.100377,0.773529,0.772933,0.773529,0.452239,0.773529,All
-0.0977606,0.776471,0.77886,0.776471,0.495955,0.776471,All
-0.0975456,0.779412,0.781595,0.779412,0.500922,0.779412,All
-0.0970011,0.782353,0.782272,0.782353,0.509744,0.782353,All
-0.0967363,0.785294,0.794422,0.785294,0.523327,0.785294,All
-0.0966302,0.788235,0.795584,0.788235,0.523466,0.788235,All
-0.0954421,0.791176,0.802501,0.791176,0.524801,0.791176,All
-0.0949067,0.794118,0.836586,0.794118,0.540032,0.794118,All
-0.0947468,0.797059,0.840028,0.797059,0.540848,0.797059,All
-0.0934465,0.8,0.843,0.8,0.559895,0.8,All
-0.0930273,0.802941,0.860449,0.802941,0.560126,0.802941,All
-0.0905681,0.805882,0.864166,0.805882,0.576512,0.805882,All
-0.0904755,0.808824,0.868305,0.808824,0.591649,0.808824,All
-0.0900257,0.811765,0.870758,0.811765,0.59609,0.811765,All
-0.0883049,0.814706,0.914644,0.814706,0.610411,0.814706,All
-0.0876257,0.817647,0.922195,0.817647,0.643089,0.817647,All
-0.0868729,0.820588,0.958689,0.820588,0.648468,0.820588,All
-0.08642,0.823529,0.978484,0.823529,0.656657,0.823529,All
-0.0847642,0.826471,0.99696,0.826471,0.66802,0.826471,All
-0.0844446,0.829412,1.00027,0.829412,0.668163,0.829412,All
-0.0820976,0.832353,1.0246,0.832353,0.67136,0.832353,All
-0.0810156,0.835294,1.02808,0.835294,0.683879,0.835294,All
-0.0789254,0.838235,1.03705,0.838235,0.68388,0.838235,All
-0.0783151,0.841176,1.04432,0.841176,0.694617,0.841176,All
-0.0773386,0.844118,1.0546,0.844118,0.72322,0.844118,All
-0.0743669,0.847059,1.05546,0.847059,0.736827,0.847059,All
-0.0671907,0.85,1.06061,0.85,0.738516,0.85,All
-0.0648269,0.852941,1.09933,0.852941,0.739934,0.852941,All
-0.0606713,0.855882,1.10397,0.855882,0.758231,0.855882,All
-0.060559,0.858824,1.10804,0.858824,0.773116,0.858824,All
-0.0600506,0.861765,1.12455,0.861765,0.782946,0.861765,All
-0.0591403,0.864706,1.12753,0.864706,0.795114,0.864706,All
-0.050146,0.867647,1.1354,0.867647,0.79623,0.867647,All
-0.0489828,0.870588,1.14144,0.870588,0.800582,0.870588,All
-0.0435193,0.873529,1.15278,0.873529,0.848284,0.873529,All
-0.0404543,0.876471,1.17342,0.876471,0.883741,0.876471,All
-0.0401364,0.879412,1.18908,0.879412,0.883898,0.879412,All
-0.0381242,0.882353,1.21053,0.882353,0.902617,0.882353,All
-0.037301,0.885294,1.2205,0.885294,0.929585,0.885294,All
-0.033842,0.888235,1.22475,0.888235,0.954038,0.888235,All
-0.0207807,0.891176,1.26458,0.891176,0.961114,0.891176,All
-0.0169138,0.894118,1.27267,0.894118,0.978635,0.894118,All
-0.012192,0.897059,1.29125,0.897059,1.00789,0.897059,All
0.00530074,0.9,1.32048,0.9,1.01235,0.9,All
0.0137203,0.902941,1.33068,0.902941,1.06319,0.902941,All
0.0312453,0.905882,1.33607,0.905882,1.09047,0.905882,All
0.0343827,0.908824,1.37984,0.908824,1.10401,0.908824,All
0.0423114,0.911765,1.40515,0.911765,1.15196,0.911765,All
0.0567232,0.914706,1.41063,0.914706,1.15321,0.914706,All
0.0964401,0.917647,1.41816,0.917647,1.17453,0.917647,All
0.101206,0.920588,1.43358,0.920588,1.1817,0.920588,All
0.110292,0.923529,1.43456,0.923529,1.20977,0.923529,All
0.149887,0.926471,1.46806,0.926471,1.22875,0.926471,All
0.200308,0.929412,1.47614,0.929412,1.25938,0.929412,All
0.205116,0.932353,1.50869,0.932353,1.34488,0.932353,All
0.309682,0.935294,1.54783,0.935294,1.3928,0.935294,All
0.336702,0.938235,1.6209,0.938235,1.42349,0.938235,All
0.358189,0.941176,1.66034,0.941176,1.44979,0.941176,All
0.368206,0.944118,1.72483,0.944118,1.47887,0.944118,All
0.439861,0.947059,1.73503,0.947059,1.47934,0.947059,All
0.440108,0.95,1.80602,0.95,1.50779,0.95,All
0.460308,0.952941,1.84211,0.952941,1.52916,0.952941,All
0.492899,0.955882,1.91827,0.955882,1.54469,0.955882,All
0.501283,0.958824,1.98075,0.958824,1.56378,0.958824,All
0.62839,0.961765,2.01203,0.961765,1.64141,0.961765,All
0.745588,0.964706,2.0343,0.964706,1.65096,0.964706,All
1.02093,0.967647,2.04363,0.967647,1.7501,0.967647,All
1.10525,0.970588,2.05755,0.970588,1.85105,0.970588,All
1.11359,0.973529,2.07339,0.973529,1.90219,0.973529,All
1.21656,0.976471,2.13781,0.976471,2.0961,0.976471,All
1.6967,0.979412,2.21304,0.979412,2.17062,0.979412,All
1.70812,0.982353,2.34267,0.982353,2.2562,0.982353,All
2.06501,0.985294,2.44749,0.985294,2.29926,0.985294,All
2.7169,0.988235,2.90617,0.988235,2.35706,0.988235,All
2.88954,0.991176,2.92605,0.991176,2.37187,0.991176,All
7.85776,0.994118,3.33146,0.994118,2.49216,0.994118,All
41.94,0.997059,3.65229,0.997059,2.78819,0.997059,All
116.302,1,4.36391,1,2.8012,1,All
,,,,4,1,All
