Vc_abscissa,Vc_pdf,Vc_cdf,Ke_abscissa,Ke_pdf,Ke_cdf,Kpc_abscissa,Kpc_pdf,Kpc_cdf,Kcp_abscissa,Kcp_pdf,Kcp_cdf,split
0.780525,0.0210533,0.00685321,0.203824,0.0861981,0.00289671,0.00159282,21.6394,0.0189034,0.000170983,31.653,0.00301897,All
1.92337,0.0427316,0.0455149,0.235099,0.156728,0.00663694,0.00486956,28.2785,0.107047,0.00816333,25.7165,0.318513,All
3.06622,0.0486897,0.0986479,0.266374,0.247633,0.0129134,0.0081463,25.3082,0.195416,0.0161557,14.4887,0.471957,All
4.20906,0.0485483,0.154551,0.297648,0.353226,0.0222797,0.011423,21.7114,0.272378,0.024148,9.58425,0.565946,All
5.35191,0.0461071,0.208764,0.328923,0.466549,0.0350879,0.0146998,18.5779,0.338232,0.0321404,6.9043,0.630898,All
6.49476,0.0428803,0.259649,0.360198,0.580738,0.0514707,0.0179765,15.9931,0.394731,0.0401327,5.24814,0.678983,All
7.63761,0.0395028,0.306722,0.391472,0.689886,0.0713596,0.0212533,13.8777,0.443555,0.0481251,4.14085,0.71623,All
8.78045,0.036244,0.349987,0.422747,0.789452,0.0945221,0.02453,12.1383,0.486088,0.0561174,3.35856,0.74603,All
9.9233,0.0332117,0.389652,0.454021,0.876335,0.120607,0.0278067,10.696,0.523427,0.0641098,2.78276,0.770461,All
11.0661,0.03044,0.425999,0.485296,0.948751,0.149185,0.0310835,9.48886,0.55644,0.0721021,2.34528,0.790878,All
12.209,0.0279289,0.459328,0.516571,1.00602,0.179792,0.0343602,8.46949,0.585817,0.0800945,2.00435,0.808206,All
13.3518,0.0256637,0.489929,0.547845,1.04829,0.211954,0.0376369,7.60132,0.61211,0.0880868,1.73307,0.823102,All
14.4947,0.0236235,0.518073,0.57912,1.07635,0.245213,0.0409137,6.85613,0.635766,0.0960792,1.51342,0.836046,All
15.6375,0.021786,0.544003,0.610394,1.09137,0.279143,0.0441904,6.21192,0.657151,0.104072,1.33293,0.847397,All
16.7804,0.0201298,0.567938,0.641669,1.09476,0.313357,0.0474672,5.65135,0.676567,0.112064,1.18272,0.857433,All
17.9232,0.0186346,0.590075,0.672944,1.08803,0.347514,0.0507439,5.16064,0.694263,0.120056,1.05632,0.866366,All
19.0661,0.0172827,0.610586,0.704218,1.07271,0.381323,0.0540206,4.72873,0.710451,0.128049,0.948922,0.874368,All
20.2089,0.0160578,0.629626,0.735493,1.05026,0.414537,0.0572974,4.34665,0.725307,0.136041,0.856872,0.881575,All
21.3518,0.0149458,0.647332,0.766768,1.02205,0.446956,0.0605741,4.00709,0.738983,0.144033,0.777369,0.888098,All
22.4946,0.0139341,0.663825,0.798042,0.989314,0.478418,0.0638509,3.70403,0.751608,0.152026,0.708227,0.894029,All
23.6375,0.013012,0.679215,0.829317,0.953169,0.508801,0.0671276,3.43247,0.763292,0.160018,0.647718,0.899442,All
24.7803,0.0121697,0.693597,0.860591,0.91458,0.538013,0.0704043,3.18824,0.774132,0.16801,0.594462,0.904402,All
25.9232,0.0113988,0.707058,0.891866,0.87438,0.565991,0.0736811,2.96784,0.784212,0.176003,0.547345,0.908961,All
27.066,0.0106919,0.719676,0.923141,0.833276,0.592695,0.0769578,2.76831,0.793605,0.183995,0.505462,0.913165,All
28.2088,0.0100424,0.731519,0.954415,0.79186,0.618108,0.0802345,2.58714,0.802374,0.191987,0.468068,0.917052,All
29.3517,0.00944469,0.742649,0.98569,0.750617,0.642227,0.0835113,2.42218,0.810577,0.19998,0.434545,0.920657,All
30.4945,0.00889362,0.753124,1.01696,0.709942,0.665065,0.086788,2.27157,0.818263,0.207972,0.404381,0.924007,All
31.6374,0.0083847,0.762993,1.04824,0.670148,0.686643,0.0900648,2.13374,0.825478,0.215964,0.377144,0.927129,All
32.7802,0.00791396,0.772303,1.07951,0.631479,0.706994,0.0933415,2.00731,0.832259,0.223957,0.35247,0.930043,All
33.9231,0.00747786,0.781096,1.11079,0.594117,0.726155,0.0966182,1.89107,0.838644,0.231949,0.33005,0.932769,All
35.0659,0.00707324,0.789408,1.14206,0.558196,0.74417,0.099895,1.78398,0.844662,0.239942,0.309619,0.935324,All
36.2088,0.00669729,0.797274,1.17334,0.523807,0.761086,0.103172,1.68514,0.850344,0.247934,0.290953,0.937723,All
37.3516,0.00634749,0.804725,1.20461,0.491004,0.776951,0.106448,1.59372,0.855714,0.255926,0.273854,0.939979,All
38.4945,0.0060216,0.811791,1.23589,0.459816,0.791815,0.109725,1.50903,0.860796,0.263919,0.258155,0.942104,All
39.6373,0.00571758,0.818497,1.26716,0.430245,0.805729,0.113002,1.43044,0.86561,0.271911,0.243709,0.944109,All
40.7802,0.00543363,0.824867,1.29844,0.402277,0.818743,0.116279,1.35739,0.870176,0.279903,0.230388,0.946002,All
41.923,0.0051681,0.830924,1.32971,0.375881,0.830907,0.119555,1.28938,0.874511,0.287896,0.218079,0.947794,All
43.0659,0.00491951,0.836687,1.36099,0.351017,0.84227,0.122832,1.22598,0.878631,0.295888,0.206684,0.949491,All
44.2087,0.00468652,0.842174,1.39226,0.327636,0.852878,0.126109,1.16678,0.88255,0.30388,0.196116,0.9511,All
45.3515,0.00446792,0.847404,1.42353,0.30568,0.862778,0.129386,1.11145,0.886282,0.311873,0.186298,0.952628,All
46.4944,0.00426261,0.852392,1.45481,0.285091,0.872013,0.132662,1.05964,0.889838,0.319865,0.177162,0.95408,All
47.6372,0.00406959,0.857152,1.48608,0.265806,0.880624,0.135939,1.01109,0.89323,0.327857,0.168647,0.955461,All
48.7801,0.00388794,0.861698,1.51736,0.247759,0.888652,0.139216,0.965539,0.896467,0.33585,0.160699,0.956777,All
49.9229,0.00371685,0.866042,1.54863,0.230888,0.896133,0.142493,0.922743,0.89956,0.343842,0.15327,0.958031,All
51.0658,0.00355554,0.870197,1.57991,0.215128,0.903105,0.145769,0.882496,0.902517,0.351834,0.146317,0.959228,All
52.2086,0.00340334,0.874173,1.61118,0.200416,0.9096,0.149046,0.844606,0.905346,0.359827,0.1398,0.960371,All
53.3515,0.00325959,0.877979,1.64246,0.18669,0.915651,0.152323,0.808899,0.908055,0.367819,0.133685,0.961464,All
54.4943,0.00312373,0.881626,1.67373,0.173892,0.921287,0.1556,0.775216,0.91065,0.375811,0.127939,0.962509,All
55.6372,0.00299521,0.885122,1.70501,0.161964,0.926537,0.158876,0.743412,0.913137,0.383804,0.122535,0.96351,All
56.78,0.00287355,0.888475,1.73628,0.150852,0.931427,0.162153,0.713356,0.915523,0.391796,0.117445,0.964469,All
57.9229,0.00275829,0.891693,1.76756,0.140502,0.935981,0.16543,0.684926,0.917814,0.399789,0.112648,0.965388,All
59.0657,0.00264902,0.894782,1.79883,0.130867,0.940222,0.168706,0.658011,0.920014,0.407781,0.108121,0.96627,All
60.2086,0.00254535,0.897749,1.8301,0.121898,0.944173,0.171983,0.63251,0.922128,0.415773,0.103845,0.967117,All
61.3514,0.00244694,0.900602,1.86138,0.113551,0.947853,0.17526,0.608328,0.92416,0.423766,0.0998022,0.967931,All
62.4943,0.00235344,0.903344,1.89265,0.105784,0.951282,0.178537,0.585381,0.926116,0.431758,0.0959762,0.968713,All
63.6371,0.00226456,0.905983,1.92393,0.0985581,0.954476,0.181813,0.563588,0.927998,0.43975,0.0923522,0.969465,All
64.7799,0.00218001,0.908522,1.9552,0.091836,0.957452,0.18509,0.542877,0.92981,0.447743,0.0889166,0.97019,All
65.9228,0.00209954,0.910967,1.98648,0.085583,0.960225,0.188367,0.52318,0.931557,0.455735,0.0856569,0.970887,All
67.0656,0.00202291,0.913322,2.01775,0.0797666,0.962809,0.191644,0.504435,0.93324,0.463727,0.0825616,0.971559,All
68.2085,0.00194988,0.915592,2.04903,0.0743563,0.965218,0.19492,0.486584,0.934863,0.47172,0.0796201,0.972207,All
69.3513,0.00188025,0.917781,2.0803,0.0693238,0.967464,0.198197,0.469573,0.93643,0.479712,0.0768226,0.972832,All
70.4942,0.00181382,0.919891,2.11158,0.0646425,0.969558,0.201474,0.453353,0.937942,0.487704,0.0741602,0.973436,All
71.637,0.00175042,0.921928,2.14285,0.0602877,0.971511,0.204751,0.437877,0.939402,0.495697,0.0716245,0.974018,All
72.7799,0.00168987,0.923893,2.17413,0.0562364,0.973332,0.208027,0.423103,0.940812,0.503689,0.0692078,0.974581,All
73.9227,0.00163201,0.925791,2.2054,0.0524672,0.975031,0.211304,0.408991,0.942175,0.511681,0.0669031,0.975125,All
75.0656,0.0015767,0.927624,2.23667,0.04896,0.976617,0.214581,0.395503,0.943493,0.519674,0.0647036,0.97565,All
76.2084,0.0015238,0.929396,2.26795,0.0456963,0.978096,0.217858,0.382605,0.944768,0.527666,0.0626033,0.976159,All
77.3513,0.00147318,0.931108,2.29922,0.0426588,0.979477,0.221134,0.370264,0.946001,0.535659,0.0605965,0.976651,All
78.4941,0.00142472,0.932764,2.3305,0.0398315,0.980767,0.224411,0.358451,0.947195,0.543651,0.0586778,0.977128,All
79.637,0.00137831,0.934365,2.36177,0.0371994,0.981971,0.227688,0.347136,0.948351,0.551643,0.0568423,0.97759,All
80.7798,0.00133384,0.935915,2.39305,0.0347487,0.983096,0.230965,0.336295,0.94947,0.559636,0.0550855,0.978037,All
81.9226,0.0012912,0.937415,2.42432,0.0324666,0.984146,0.234241,0.325901,0.950555,0.567628,0.053403,0.97847,All
83.0655,0.00125032,0.938867,2.4556,0.030341,0.985128,0.237518,0.315932,0.951607,0.57562,0.0517908,0.978891,All
84.2083,0.00121109,0.940273,2.48687,0.028361,0.986046,0.240795,0.306367,0.952626,0.583613,0.0502451,0.979298,All
85.3512,0.00117344,0.941636,2.51815,0.0265162,0.986903,0.244071,0.297183,0.953615,0.591605,0.0487626,0.979694,All
86.494,0.00113729,0.942956,2.54942,0.024797,0.987705,0.247348,0.288364,0.954574,0.599597,0.0473399,0.980078,All
87.6369,0.00110256,0.944236,2.5807,0.0231946,0.988456,0.250625,0.279889,0.955505,0.60759,0.0459738,0.980451,All
88.7797,0.00106919,0.945477,2.61197,0.0217008,0.989157,0.253902,0.271744,0.956409,0.615582,0.0446617,0.980813,All
89.9226,0.00103711,0.94668,2.64324,0.0203079,0.989814,0.257178,0.263911,0.957286,0.623574,0.0434006,0.981165,All
91.0654,0.00100626,0.947848,2.67452,0.0190088,0.990429,0.260455,0.256375,0.958138,0.631567,0.0421882,0.981507,All
92.2083,0.000976588,0.948981,2.70579,0.0177971,0.991004,0.263732,0.249124,0.958967,0.639559,0.041022,0.981839,All
93.3511,0.00094803,0.95008,2.73707,0.0166665,0.991543,0.267009,0.242142,0.959771,0.647551,0.0398998,0.982163,All
94.494,0.000920538,0.951148,2.76834,0.0156113,0.992047,0.270285,0.235418,0.960554,0.655544,0.0388195,0.982477,All
95.6368,0.000894064,0.952185,2.79962,0.0146265,0.99252,0.273562,0.22894,0.961314,0.663536,0.0377791,0.982783,All
96.7797,0.000868561,0.953192,2.83089,0.013707,0.992963,0.276839,0.222696,0.962054,0.671529,0.0367766,0.983081,All
97.9225,0.000843987,0.95417,2.86217,0.0128484,0.993378,0.280116,0.216676,0.962774,0.679521,0.0358104,0.983371,All
99.0653,0.000820298,0.955121,2.89344,0.0120464,0.993767,0.283392,0.21087,0.963475,0.687513,0.0348788,0.983654,All
100.208,0.000797457,0.956046,2.92472,0.0112971,0.994132,0.286669,0.205269,0.964156,0.695506,0.0339802,0.983929,All
101.351,0.000775426,0.956944,2.95599,0.0105969,0.994474,0.289946,0.199863,0.96482,0.703498,0.0331132,0.984197,All
102.494,0.000754171,0.957818,2.98727,0.00994251,0.994795,0.293223,0.194644,0.965466,0.71149,0.0322762,0.984458,All
103.637,0.000733657,0.958668,3.01854,0.0093307,0.995096,0.296499,0.189604,0.966096,0.719483,0.031468,0.984713,All
104.78,0.000713853,0.959495,3.04981,0.00875859,0.995379,0.299776,0.184735,0.966709,0.727475,0.0306874,0.984961,All
105.922,0.00069473,0.9603,3.08109,0.00822349,0.995645,0.303053,0.18003,0.967307,0.735467,0.0299331,0.985204,All
107.065,0.000676258,0.961084,3.11236,0.00772289,0.995894,0.30633,0.175482,0.967889,0.74346,0.029204,0.98544,All
108.208,0.00065841,0.961846,3.14364,0.00725446,0.996128,0.309606,0.171085,0.968457,0.751452,0.028499,0.985671,All
109.351,0.000641161,0.962589,3.17491,0.00681603,0.996348,0.312883,0.166832,0.96901,0.759444,0.0278172,0.985896,All
110.494,0.000624486,0.963312,3.20619,0.00640557,0.996555,0.31616,0.162718,0.96955,0.767437,0.0271575,0.986115,All
111.637,0.000608362,0.964016,3.23746,0.00602123,0.996749,0.319436,0.158737,0.970077,0.775429,0.0265191,0.98633,All
112.78,0.000592767,0.964703,3.26874,0.00566124,0.996932,0.322713,0.154883,0.970591,0.783421,0.025901,0.986539,All
113.922,0.000577679,0.965372,3.30001,0.005324,0.997103,0.32599,0.151151,0.971092,0.791414,0.0253025,0.986744,All
