pwRes_abscissa,pwRes_cdf,iwRes_abscissa,iwRes_cdf,npde_abscissa,npde_cdf,split
-4,0,-4,0,-4,0,All
-1.56618,0.00229885,-1.97741,0.00229885,-1.81645,0.00229885,All
-1.55135,0.0045977,-1.96243,0.0045977,-1.80733,0.0045977,All
-1.52973,0.00689655,-1.936,0.00689655,-1.80315,0.00689655,All
-1.33962,0.0091954,-1.92232,0.0091954,-1.79353,0.0091954,All
-1.2895,0.0114943,-1.92132,0.0114943,-1.79012,0.0114943,All
-1.2872,0.0137931,-1.84171,0.0137931,-1.77663,0.0137931,All
-1.25061,0.016092,-1.79467,0.016092,-1.74721,0.016092,All
-1.24623,0.0183908,-1.7793,0.0183908,-1.6993,0.0183908,All
-1.24374,0.0206897,-1.76659,0.0206897,-1.6922,0.0206897,All
-1.2371,0.0229885,-1.76507,0.0229885,-1.68075,0.0229885,All
-1.20175,0.0252874,-1.7344,0.0252874,-1.67508,0.0252874,All
-1.19567,0.0275862,-1.68586,0.0275862,-1.67437,0.0275862,All
-1.18855,0.0298851,-1.6717,0.0298851,-1.63368,0.0298851,All
-1.17083,0.0321839,-1.63819,0.0321839,-1.62845,0.0321839,All
-1.15546,0.0344828,-1.62837,0.0344828,-1.6266,0.0344828,All
-1.14969,0.0367816,-1.58162,0.0367816,-1.58054,0.0367816,All
-1.12332,0.0390805,-1.55669,0.0390805,-1.56427,0.0390805,All
-1.11249,0.0413793,-1.51453,0.0413793,-1.55453,0.0413793,All
-1.06259,0.0436782,-1.50749,0.0436782,-1.54775,0.0436782,All
-0.990424,0.045977,-1.50513,0.045977,-1.52863,0.045977,All
-0.968212,0.0482759,-1.50063,0.0482759,-1.52393,0.0482759,All
-0.949897,0.0505747,-1.497,0.0505747,-1.51927,0.0505747,All
-0.938399,0.0528736,-1.40338,0.0528736,-1.48716,0.0528736,All
-0.924247,0.0551724,-1.4032,0.0551724,-1.44647,0.0551724,All
-0.907944,0.0574713,-1.40122,0.0574713,-1.42086,0.0574713,All
-0.880777,0.0597701,-1.33091,0.0597701,-1.41728,0.0597701,All
-0.87998,0.062069,-1.27465,0.062069,-1.41348,0.062069,All
-0.858983,0.0643678,-1.26132,0.0643678,-1.39115,0.0643678,All
-0.835931,0.0666667,-1.25424,0.0666667,-1.38218,0.0666667,All
-0.829346,0.0689655,-1.25125,0.0689655,-1.37709,0.0689655,All
-0.823089,0.0712644,-1.23925,0.0712644,-1.35361,0.0712644,All
-0.807723,0.0735632,-1.23464,0.0735632,-1.34025,0.0735632,All
-0.802313,0.0758621,-1.22946,0.0758621,-1.33908,0.0758621,All
-0.791849,0.0781609,-1.18431,0.0781609,-1.33131,0.0781609,All
-0.784113,0.0804598,-1.17423,0.0804598,-1.30486,0.0804598,All
-0.776071,0.0827586,-1.13119,0.0827586,-1.30224,0.0827586,All
-0.773546,0.0850575,-1.12571,0.0850575,-1.30072,0.0850575,All
-0.771551,0.0873563,-1.11908,0.0873563,-1.28912,0.0873563,All
-0.766377,0.0896552,-1.09955,0.0896552,-1.28605,0.0896552,All
-0.757928,0.091954,-1.09714,0.091954,-1.27204,0.091954,All
-0.722108,0.0942529,-1.08809,0.0942529,-1.2701,0.0942529,All
-0.700325,0.0965517,-1.07683,0.0965517,-1.26727,0.0965517,All
-0.69518,0.0988506,-1.07588,0.0988506,-1.25664,0.0988506,All
-0.689304,0.101149,-1.05822,0.101149,-1.25323,0.101149,All
-0.686795,0.103448,-1.0543,0.103448,-1.24486,0.103448,All
-0.685965,0.105747,-1.03534,0.105747,-1.20732,0.105747,All
-0.683091,0.108046,-1.03094,0.108046,-1.19517,0.108046,All
-0.681409,0.110345,-1.02939,0.110345,-1.19274,0.110345,All
-0.681173,0.112644,-1.02087,0.112644,-1.18754,0.112644,All
-0.675022,0.114943,-1.0167,0.114943,-1.18501,0.114943,All
-0.670835,0.117241,-1.01189,0.117241,-1.18299,0.117241,All
-0.666792,0.11954,-1.00864,0.11954,-1.16049,0.11954,All
-0.665261,0.121839,-0.970414,0.121839,-1.14197,0.121839,All
-0.664279,0.124138,-0.962372,0.124138,-1.1404,0.124138,All
-0.655795,0.126437,-0.954195,0.126437,-1.12566,0.126437,All
-0.652259,0.128736,-0.939831,0.128736,-1.11732,0.128736,All
-0.65203,0.131034,-0.924381,0.131034,-1.07786,0.131034,All
-0.650446,0.133333,-0.91643,0.133333,-1.07536,0.133333,All
-0.648652,0.135632,-0.885648,0.135632,-1.069,0.135632,All
-0.647864,0.137931,-0.872555,0.137931,-1.06867,0.137931,All
-0.646902,0.14023,-0.865236,0.14023,-1.05385,0.14023,All
-0.645097,0.142529,-0.861719,0.142529,-1.04396,0.142529,All
-0.645055,0.144828,-0.860257,0.144828,-1.04217,0.144828,All
-0.644339,0.147126,-0.838987,0.147126,-1.00821,0.147126,All
-0.643546,0.149425,-0.838553,0.149425,-1.00732,0.149425,All
-0.642179,0.151724,-0.823921,0.151724,-1.00596,0.151724,All
-0.642167,0.154023,-0.82144,0.154023,-0.990644,0.154023,All
-0.641808,0.156322,-0.806646,0.156322,-0.984065,0.156322,All
-0.639808,0.158621,-0.790159,0.158621,-0.980223,0.158621,All
-0.639802,0.16092,-0.760962,0.16092,-0.96884,0.16092,All
-0.636796,0.163218,-0.726969,0.163218,-0.967373,0.163218,All
-0.633139,0.165517,-0.726332,0.165517,-0.964664,0.165517,All
-0.630991,0.167816,-0.721765,0.167816,-0.964215,0.167816,All
-0.63095,0.170115,-0.715064,0.170115,-0.946346,0.170115,All
-0.621173,0.172414,-0.710645,0.172414,-0.92263,0.172414,All
-0.620118,0.174713,-0.709185,0.174713,-0.920959,0.174713,All
-0.619521,0.177011,-0.694722,0.177011,-0.918238,0.177011,All
-0.618596,0.17931,-0.692123,0.17931,-0.909114,0.17931,All
-0.615513,0.181609,-0.690887,0.181609,-0.908731,0.181609,All
-0.612756,0.183908,-0.684368,0.183908,-0.906671,0.183908,All
-0.608229,0.186207,-0.679816,0.186207,-0.884885,0.186207,All
-0.603618,0.188506,-0.65599,0.188506,-0.87195,0.188506,All
-0.602496,0.190805,-0.641988,0.190805,-0.866014,0.190805,All
-0.595067,0.193103,-0.614292,0.193103,-0.859355,0.193103,All
-0.593043,0.195402,-0.595086,0.195402,-0.85432,0.195402,All
-0.588546,0.197701,-0.593918,0.197701,-0.845814,0.197701,All
-0.586275,0.2,-0.587489,0.2,-0.840667,0.2,All
-0.577728,0.202299,-0.586439,0.202299,-0.838935,0.202299,All
-0.570384,0.204598,-0.569893,0.204598,-0.825,0.204598,All
-0.565181,0.206897,-0.564883,0.206897,-0.810004,0.206897,All
-0.563269,0.209195,-0.553434,0.209195,-0.805355,0.209195,All
-0.560115,0.211494,-0.547962,0.211494,-0.787526,0.211494,All
-0.555534,0.213793,-0.544931,0.213793,-0.787055,0.213793,All
-0.551387,0.216092,-0.542323,0.216092,-0.774136,0.216092,All
-0.549636,0.218391,-0.527219,0.218391,-0.769501,0.218391,All
-0.544385,0.22069,-0.521945,0.22069,-0.760681,0.22069,All
-0.535912,0.222989,-0.519465,0.222989,-0.756933,0.222989,All
-0.535465,0.225287,-0.514671,0.225287,-0.75636,0.225287,All
-0.53292,0.227586,-0.508446,0.227586,-0.742535,0.227586,All
-0.530238,0.229885,-0.506294,0.229885,-0.732891,0.229885,All
-0.528616,0.232184,-0.503288,0.232184,-0.730882,0.232184,All
-0.519339,0.234483,-0.497878,0.234483,-0.72914,0.234483,All
-0.518687,0.236782,-0.486429,0.236782,-0.70804,0.236782,All
-0.518312,0.23908,-0.47945,0.23908,-0.707854,0.23908,All
-0.516651,0.241379,-0.47804,0.241379,-0.697673,0.241379,All
-0.513674,0.243678,-0.465204,0.243678,-0.690142,0.243678,All
-0.507519,0.245977,-0.452374,0.245977,-0.657654,0.245977,All
-0.50542,0.248276,-0.44679,0.248276,-0.653483,0.248276,All
-0.504425,0.250575,-0.438404,0.250575,-0.652865,0.250575,All
-0.502949,0.252874,-0.41939,0.252874,-0.641546,0.252874,All
-0.502887,0.255172,-0.408003,0.255172,-0.636467,0.255172,All
-0.502434,0.257471,-0.401584,0.257471,-0.608818,0.257471,All
-0.502246,0.25977,-0.39631,0.25977,-0.606624,0.25977,All
-0.499414,0.262069,-0.387727,0.262069,-0.604673,0.262069,All
-0.498904,0.264368,-0.357096,0.264368,-0.573298,0.264368,All
-0.498433,0.266667,-0.352743,0.266667,-0.56479,0.266667,All
-0.496321,0.268966,-0.344996,0.268966,-0.563771,0.268966,All
-0.495824,0.271264,-0.33333,0.271264,-0.563158,0.271264,All
-0.494502,0.273563,-0.332773,0.273563,-0.547312,0.273563,All
-0.492718,0.275862,-0.323007,0.275862,-0.544569,0.275862,All
-0.491787,0.278161,-0.309038,0.278161,-0.540925,0.278161,All
-0.491715,0.28046,-0.307276,0.28046,-0.539709,0.28046,All
-0.490546,0.282759,-0.305069,0.282759,-0.538178,0.282759,All
-0.487948,0.285057,-0.29663,0.285057,-0.532478,0.285057,All
-0.485648,0.287356,-0.27543,0.287356,-0.532257,0.287356,All
-0.481375,0.289655,-0.264928,0.289655,-0.528564,0.289655,All
-0.48028,0.291954,-0.261671,0.291954,-0.525915,0.291954,All
-0.479111,0.294253,-0.252687,0.294253,-0.518718,0.294253,All
-0.478841,0.296552,-0.251333,0.296552,-0.512513,0.296552,All
-0.477961,0.298851,-0.243464,0.298851,-0.511841,0.298851,All
-0.477077,0.301149,-0.240292,0.301149,-0.510679,0.301149,All
-0.476379,0.303448,-0.238436,0.303448,-0.509398,0.303448,All
-0.472743,0.305747,-0.237273,0.305747,-0.499736,0.305747,All
-0.471306,0.308046,-0.236101,0.308046,-0.494988,0.308046,All
-0.470442,0.310345,-0.215026,0.310345,-0.493797,0.310345,All
-0.469538,0.312644,-0.208684,0.312644,-0.493141,0.312644,All
-0.467746,0.314943,-0.208555,0.314943,-0.473531,0.314943,All
-0.465859,0.317241,-0.204873,0.317241,-0.465175,0.317241,All
-0.463586,0.31954,-0.188124,0.31954,-0.461364,0.31954,All
-0.463085,0.321839,-0.185372,0.321839,-0.449454,0.321839,All
-0.462978,0.324138,-0.17363,0.324138,-0.442283,0.324138,All
-0.458321,0.326437,-0.159943,0.326437,-0.423162,0.326437,All
-0.4561,0.328736,-0.156326,0.328736,-0.411787,0.328736,All
-0.455016,0.331034,-0.147798,0.331034,-0.410734,0.331034,All
-0.449944,0.333333,-0.136417,0.333333,-0.406558,0.333333,All
-0.449538,0.335632,-0.118269,0.335632,-0.406472,0.335632,All
-0.448436,0.337931,-0.117009,0.337931,-0.395262,0.337931,All
-0.448403,0.34023,-0.114115,0.34023,-0.387452,0.34023,All
-0.448029,0.342529,-0.109621,0.342529,-0.381889,0.342529,All
-0.446818,0.344828,-0.0880005,0.344828,-0.37916,0.344828,All
-0.445888,0.347126,-0.0856417,0.347126,-0.375543,0.347126,All
-0.443606,0.349425,-0.0835543,0.349425,-0.3689,0.349425,All
-0.442441,0.351724,-0.0831557,0.351724,-0.367994,0.351724,All
-0.437769,0.354023,-0.0759788,0.354023,-0.366702,0.354023,All
-0.436942,0.356322,-0.0709934,0.356322,-0.362246,0.356322,All
-0.435745,0.358621,-0.0538432,0.358621,-0.347447,0.358621,All
-0.433476,0.36092,-0.0528647,0.36092,-0.333011,0.36092,All
-0.433169,0.363218,-0.0397302,0.363218,-0.329452,0.363218,All
-0.433126,0.365517,-0.0318365,0.365517,-0.326553,0.365517,All
-0.4327,0.367816,-0.022447,0.367816,-0.321694,0.367816,All
-0.431415,0.370115,-0.0175685,0.370115,-0.321216,0.370115,All
-0.430129,0.372414,-0.0167068,0.372414,-0.301967,0.372414,All
-0.427896,0.374713,-0.00747077,0.374713,-0.299246,0.374713,All
-0.426615,0.377011,-0.00139639,0.377011,-0.29884,0.377011,All
-0.425483,0.37931,-0.00129974,0.37931,-0.293023,0.37931,All
-0.423717,0.381609,-0.000548428,0.381609,-0.274798,0.381609,All
-0.418423,0.383908,0.00830611,0.383908,-0.271034,0.383908,All
-0.418253,0.386207,0.00960088,0.386207,-0.26632,0.386207,All
-0.417978,0.388506,0.0104832,0.388506,-0.260962,0.388506,All
-0.417938,0.390805,0.0109831,0.390805,-0.259599,0.390805,All
-0.417348,0.393103,0.0109997,0.393103,-0.257919,0.393103,All
-0.416683,0.395402,0.0111126,0.395402,-0.24998,0.395402,All
-0.415337,0.397701,0.0146979,0.397701,-0.239993,0.397701,All
-0.414706,0.4,0.0161951,0.4,-0.229523,0.4,All
-0.413624,0.402299,0.0283014,0.402299,-0.22895,0.402299,All
-0.412076,0.404598,0.0299935,0.404598,-0.223771,0.404598,All
-0.409213,0.406897,0.0302993,0.406897,-0.219823,0.406897,All
-0.406667,0.409195,0.0344471,0.409195,-0.212614,0.409195,All
-0.405955,0.411494,0.0389111,0.411494,-0.209964,0.411494,All
-0.404897,0.413793,0.0509621,0.413793,-0.206255,0.413793,All
-0.401293,0.416092,0.0597109,0.416092,-0.204435,0.416092,All
-0.398918,0.418391,0.0644609,0.418391,-0.202443,0.418391,All
-0.395396,0.42069,0.0748944,0.42069,-0.201751,0.42069,All
-0.392605,0.422989,0.0787369,0.422989,-0.200473,0.422989,All
-0.391742,0.425287,0.0816998,0.425287,-0.20019,0.425287,All
-0.389455,0.427586,0.0861433,0.427586,-0.199792,0.427586,All
-0.388079,0.429885,0.0864718,0.429885,-0.198872,0.429885,All
-0.388001,0.432184,0.0988189,0.432184,-0.191002,0.432184,All
-0.387969,0.434483,0.102087,0.434483,-0.188683,0.434483,All
-0.387231,0.436782,0.103865,0.436782,-0.186592,0.436782,All
-0.383798,0.43908,0.104556,0.43908,-0.182162,0.43908,All
-0.382587,0.441379,0.108352,0.441379,-0.169994,0.441379,All
-0.38176,0.443678,0.109407,0.443678,-0.169337,0.443678,All
-0.380691,0.445977,0.113497,0.445977,-0.165482,0.445977,All
-0.376375,0.448276,0.11612,0.448276,-0.158395,0.448276,All
-0.376227,0.450575,0.128693,0.450575,-0.154353,0.450575,All
-0.375698,0.452874,0.129883,0.452874,-0.149492,0.452874,All
-0.375099,0.455172,0.133143,0.455172,-0.146524,0.455172,All
-0.374292,0.457471,0.133893,0.457471,-0.145776,0.457471,All
-0.36902,0.45977,0.136857,0.45977,-0.143334,0.45977,All
-0.363319,0.462069,0.140344,0.462069,-0.143263,0.462069,All
-0.362158,0.464368,0.155221,0.464368,-0.137333,0.464368,All
-0.359203,0.466667,0.155307,0.466667,-0.137278,0.466667,All
-0.358379,0.468966,0.155335,0.468966,-0.133306,0.468966,All
-0.35722,0.471264,0.158895,0.471264,-0.128953,0.471264,All
-0.35689,0.473563,0.160951,0.473563,-0.125578,0.473563,All
-0.349769,0.475862,0.171894,0.475862,-0.123798,0.475862,All
-0.346448,0.478161,0.191958,0.478161,-0.109096,0.478161,All
-0.346432,0.48046,0.201065,0.48046,-0.0993621,0.48046,All
-0.346032,0.482759,0.207066,0.482759,-0.0993141,0.482759,All
-0.344901,0.485057,0.208099,0.485057,-0.0968859,0.485057,All
-0.343539,0.487356,0.213339,0.487356,-0.0850647,0.487356,All
-0.343033,0.489655,0.220457,0.489655,-0.0833267,0.489655,All
-0.34161,0.491954,0.226181,0.491954,-0.0833253,0.491954,All
-0.340514,0.494253,0.22875,0.494253,-0.0830498,0.494253,All
-0.336751,0.496552,0.229722,0.496552,-0.0830119,0.496552,All
-0.336277,0.498851,0.230066,0.498851,-0.0732652,0.498851,All
-0.333091,0.501149,0.236312,0.501149,-0.0462417,0.501149,All
-0.327359,0.503448,0.239486,0.503448,-0.0321565,0.503448,All
-0.326876,0.505747,0.239823,0.505747,-0.032112,0.505747,All
-0.320328,0.508046,0.24002,0.508046,-0.0247274,0.508046,All
-0.319619,0.510345,0.242193,0.510345,-0.02274,0.510345,All
-0.31908,0.512644,0.243696,0.512644,-0.0161164,0.512644,All
-0.317609,0.514943,0.247841,0.514943,-0.0117306,0.514943,All
-0.306098,0.517241,0.248036,0.517241,-0.00975726,0.517241,All
-0.298264,0.51954,0.248457,0.51954,0.00515969,0.51954,All
-0.29783,0.521839,0.254144,0.521839,0.0150298,0.521839,All
-0.297127,0.524138,0.258121,0.524138,0.0173098,0.524138,All
-0.287719,0.526437,0.261463,0.526437,0.0193611,0.526437,All
-0.286519,0.528736,0.264855,0.528736,0.0195105,0.528736,All
-0.28509,0.531034,0.266285,0.531034,0.0338912,0.531034,All
-0.282956,0.533333,0.270879,0.533333,0.0415124,0.533333,All
-0.278255,0.535632,0.274762,0.535632,0.0420325,0.535632,All
-0.27563,0.537931,0.284262,0.537931,0.0460865,0.537931,All
-0.27201,0.54023,0.284801,0.54023,0.0482997,0.54023,All
-0.270532,0.542529,0.296724,0.542529,0.0584886,0.542529,All
-0.261752,0.544828,0.302533,0.544828,0.0616141,0.544828,All
-0.260191,0.547126,0.306947,0.547126,0.0654215,0.547126,All
-0.256996,0.549425,0.312173,0.549425,0.0737536,0.549425,All
-0.248714,0.551724,0.314592,0.551724,0.0793783,0.551724,All
-0.237716,0.554023,0.317714,0.554023,0.081744,0.554023,All
-0.237365,0.556322,0.320389,0.556322,0.0823711,0.556322,All
-0.235009,0.558621,0.324321,0.558621,0.108791,0.558621,All
-0.228584,0.56092,0.324329,0.56092,0.110408,0.56092,All
-0.218351,0.563218,0.327358,0.563218,0.120077,0.563218,All
-0.215823,0.565517,0.327785,0.565517,0.121388,0.565517,All
-0.204889,0.567816,0.329158,0.567816,0.127245,0.567816,All
-0.204355,0.570115,0.332855,0.570115,0.128856,0.570115,All
-0.204163,0.572414,0.333833,0.572414,0.144347,0.572414,All
-0.201516,0.574713,0.345205,0.574713,0.16047,0.574713,All
-0.199973,0.577011,0.353832,0.577011,0.163042,0.577011,All
-0.190069,0.57931,0.362055,0.57931,0.177695,0.57931,All
-0.187003,0.581609,0.366945,0.581609,0.182801,0.581609,All
-0.185959,0.583908,0.36942,0.583908,0.190125,0.583908,All
-0.182305,0.586207,0.370811,0.586207,0.192627,0.586207,All
-0.182066,0.588506,0.371895,0.588506,0.201901,0.588506,All
-0.181156,0.590805,0.376745,0.590805,0.210194,0.590805,All
-0.174529,0.593103,0.37982,0.593103,0.22813,0.593103,All
-0.169059,0.595402,0.380231,0.595402,0.229745,0.595402,All
-0.154704,0.597701,0.404526,0.597701,0.242323,0.597701,All
-0.152912,0.6,0.4131,0.6,0.24699,0.6,All
-0.139388,0.602299,0.432935,0.602299,0.247245,0.602299,All
-0.129384,0.604598,0.438741,0.604598,0.274849,0.604598,All
-0.129206,0.606897,0.451102,0.606897,0.276688,0.606897,All
-0.12222,0.609195,0.453463,0.609195,0.279633,0.609195,All
-0.116761,0.611494,0.459461,0.611494,0.280414,0.611494,All
-0.113214,0.613793,0.473069,0.613793,0.280477,0.613793,All
-0.108139,0.616092,0.475018,0.616092,0.29247,0.616092,All
-0.10091,0.618391,0.483315,0.618391,0.293682,0.618391,All
-0.0976461,0.62069,0.483777,0.62069,0.294248,0.62069,All
-0.0966792,0.622989,0.495967,0.622989,0.295811,0.622989,All
-0.0884323,0.625287,0.500056,0.625287,0.301766,0.625287,All
-0.0873869,0.627586,0.501556,0.627586,0.316305,0.627586,All
-0.0846741,0.629885,0.50363,0.629885,0.322883,0.629885,All
-0.0732817,0.632184,0.507946,0.632184,0.331816,0.632184,All
-0.0651897,0.634483,0.509192,0.634483,0.340762,0.634483,All
-0.0645461,0.636782,0.514226,0.636782,0.342582,0.636782,All
-0.05713,0.63908,0.523393,0.63908,0.350248,0.63908,All
-0.0569886,0.641379,0.52383,0.641379,0.373111,0.641379,All
-0.0527267,0.643678,0.527785,0.643678,0.382077,0.643678,All
-0.0492369,0.645977,0.53028,0.645977,0.395839,0.645977,All
-0.0477348,0.648276,0.53866,0.648276,0.401075,0.648276,All
-0.0467158,0.650575,0.542822,0.650575,0.405174,0.650575,All
-0.0456821,0.652874,0.543354,0.652874,0.419686,0.652874,All
-0.0377983,0.655172,0.545788,0.655172,0.425843,0.655172,All
-0.0239593,0.657471,0.554451,0.657471,0.427226,0.657471,All
-0.00751954,0.65977,0.555614,0.65977,0.429229,0.65977,All
-0.00187122,0.662069,0.557984,0.662069,0.432107,0.662069,All
0.00840452,0.664368,0.559559,0.664368,0.43572,0.664368,All
0.0101841,0.666667,0.561891,0.666667,0.444161,0.666667,All
0.0202275,0.668966,0.56382,0.668966,0.448607,0.668966,All
0.0270775,0.671264,0.565834,0.671264,0.450893,0.671264,All
0.0297512,0.673563,0.57129,0.673563,0.451238,0.673563,All
0.0298117,0.675862,0.571894,0.675862,0.454104,0.675862,All
0.0422531,0.678161,0.572528,0.678161,0.454823,0.678161,All
0.0524917,0.68046,0.573355,0.68046,0.461677,0.68046,All
0.0613723,0.682759,0.58344,0.682759,0.464448,0.682759,All
0.0789797,0.685057,0.58522,0.685057,0.480053,0.685057,All
0.0856721,0.687356,0.585978,0.687356,0.483792,0.687356,All
0.0877728,0.689655,0.585991,0.689655,0.489628,0.689655,All
0.0895682,0.691954,0.599165,0.691954,0.515169,0.691954,All
0.0903787,0.694253,0.602084,0.694253,0.52615,0.694253,All
0.0921706,0.696552,0.60215,0.696552,0.527841,0.696552,All
0.106784,0.698851,0.602786,0.698851,0.547494,0.698851,All
0.109728,0.701149,0.603606,0.701149,0.548495,0.701149,All
0.11076,0.703448,0.605424,0.703448,0.560206,0.703448,All
0.111372,0.705747,0.608892,0.705747,0.560855,0.705747,All
0.113959,0.708046,0.619013,0.708046,0.573541,0.708046,All
0.114675,0.710345,0.628655,0.710345,0.574229,0.710345,All
0.119678,0.712644,0.632201,0.712644,0.577353,0.712644,All
0.130713,0.714943,0.63456,0.714943,0.57977,0.714943,All
0.136696,0.717241,0.637927,0.717241,0.580541,0.717241,All
0.153782,0.71954,0.640243,0.71954,0.584151,0.71954,All
0.156554,0.721839,0.645959,0.721839,0.58858,0.721839,All
0.179708,0.724138,0.650052,0.724138,0.591593,0.724138,All
0.183182,0.726437,0.650435,0.726437,0.609258,0.726437,All
0.188924,0.728736,0.658795,0.728736,0.618797,0.728736,All
0.194791,0.731034,0.660829,0.731034,0.632987,0.731034,All
0.196322,0.733333,0.664237,0.733333,0.6354,0.733333,All
0.20249,0.735632,0.666642,0.735632,0.638995,0.735632,All
0.211575,0.737931,0.670919,0.737931,0.659081,0.737931,All
0.22232,0.74023,0.672762,0.74023,0.659232,0.74023,All
0.237753,0.742529,0.674087,0.742529,0.661366,0.742529,All
0.239701,0.744828,0.687659,0.744828,0.692687,0.744828,All
0.240937,0.747126,0.693733,0.747126,0.723817,0.747126,All
0.255532,0.749425,0.696995,0.749425,0.724269,0.749425,All
0.256243,0.751724,0.713827,0.751724,0.724676,0.751724,All
0.264137,0.754023,0.717455,0.754023,0.746462,0.754023,All
0.273838,0.756322,0.721559,0.756322,0.749648,0.756322,All
0.275819,0.758621,0.736234,0.758621,0.750023,0.758621,All
0.278898,0.76092,0.738552,0.76092,0.762535,0.76092,All
0.287482,0.763218,0.739833,0.763218,0.770786,0.763218,All
0.291144,0.765517,0.74051,0.765517,0.777806,0.765517,All
0.306347,0.767816,0.749558,0.767816,0.780457,0.767816,All
0.306981,0.770115,0.75767,0.770115,0.781549,0.770115,All
0.309055,0.772414,0.758959,0.772414,0.784519,0.772414,All
0.31457,0.774713,0.764696,0.774713,0.791568,0.774713,All
0.327843,0.777011,0.768363,0.777011,0.791924,0.777011,All
0.329062,0.77931,0.77969,0.77931,0.798322,0.77931,All
0.331236,0.781609,0.788997,0.781609,0.800759,0.781609,All
0.344294,0.783908,0.789046,0.783908,0.801766,0.783908,All
0.356418,0.786207,0.795568,0.786207,0.802618,0.786207,All
0.360861,0.788506,0.800042,0.788506,0.803077,0.788506,All
0.37905,0.790805,0.800583,0.790805,0.808536,0.790805,All
0.381325,0.793103,0.801781,0.793103,0.828736,0.793103,All
0.394231,0.795402,0.819085,0.795402,0.829215,0.795402,All
0.398091,0.797701,0.822381,0.797701,0.833788,0.797701,All
0.412877,0.8,0.824837,0.8,0.839749,0.8,All
0.42321,0.802299,0.826454,0.802299,0.844492,0.802299,All
0.431238,0.804598,0.839345,0.804598,0.851642,0.804598,All
0.44296,0.806897,0.841008,0.806897,0.865089,0.806897,All
0.4473,0.809195,0.841028,0.809195,0.870439,0.809195,All
0.451063,0.811494,0.844257,0.811494,0.874963,0.811494,All
0.47014,0.813793,0.847995,0.813793,0.878451,0.813793,All
0.485322,0.816092,0.858492,0.816092,0.881494,0.816092,All
0.493172,0.818391,0.863029,0.818391,0.887223,0.818391,All
0.517338,0.82069,0.864299,0.82069,0.89966,0.82069,All
0.536353,0.822989,0.869211,0.822989,0.909034,0.822989,All
0.544172,0.825287,0.881726,0.825287,0.919367,0.825287,All
0.560409,0.827586,0.895489,0.827586,0.945439,0.827586,All
0.620398,0.829885,0.901797,0.829885,0.953208,0.829885,All
0.635661,0.832184,0.90317,0.832184,0.954762,0.832184,All
0.673117,0.834483,0.904754,0.834483,0.971392,0.834483,All
0.67683,0.836782,0.913187,0.836782,0.971487,0.836782,All
0.713508,0.83908,0.916824,0.83908,0.991778,0.83908,All
0.728874,0.841379,0.918897,0.841379,1.01281,0.841379,All
0.731866,0.843678,0.918931,0.843678,1.01508,0.843678,All
0.767948,0.845977,0.926409,0.845977,1.03329,0.845977,All
0.772598,0.848276,0.933345,0.848276,1.03724,0.848276,All
0.80797,0.850575,0.936207,0.850575,1.04117,0.850575,All
0.810545,0.852874,0.938535,0.852874,1.04354,0.852874,All
0.833491,0.855172,0.941497,0.855172,1.06625,0.855172,All
0.843265,0.857471,0.957288,0.857471,1.08243,0.857471,All
0.846187,0.85977,0.959001,0.85977,1.08528,0.85977,All
0.849887,0.862069,0.963541,0.862069,1.08641,0.862069,All
0.901365,0.864368,0.968054,0.864368,1.09935,0.864368,All
0.911308,0.866667,0.973359,0.866667,1.10985,0.866667,All
0.917729,0.868966,0.980154,0.868966,1.1274,0.868966,All
0.981083,0.871264,0.984703,0.871264,1.12918,0.871264,All
0.981887,0.873563,0.98894,0.873563,1.1468,0.873563,All
1.01822,0.875862,0.992002,0.875862,1.1654,0.875862,All
1.03318,0.878161,0.995544,0.878161,1.1735,0.878161,All
1.03392,0.88046,0.996483,0.88046,1.17805,0.88046,All
1.09316,0.882759,1.00558,0.882759,1.20345,0.882759,All
1.09337,0.885057,1.02583,0.885057,1.22044,0.885057,All
1.09649,0.887356,1.03393,0.887356,1.22485,0.887356,All
1.1049,0.889655,1.03772,0.889655,1.22638,0.889655,All
1.13194,0.891954,1.05195,0.891954,1.26107,0.891954,All
1.13926,0.894253,1.05619,0.894253,1.26798,0.894253,All
1.14214,0.896552,1.10742,0.896552,1.27956,0.896552,All
1.15218,0.898851,1.11798,0.898851,1.29452,0.898851,All
1.18841,0.901149,1.12586,0.901149,1.30833,0.901149,All
1.20622,0.903448,1.13596,0.903448,1.31531,0.903448,All
1.21658,0.905747,1.1435,0.905747,1.33135,0.905747,All
1.23034,0.908046,1.14371,0.908046,1.33993,0.908046,All
1.24366,0.910345,1.15807,0.910345,1.35252,0.910345,All
1.28434,0.912644,1.15953,0.912644,1.35253,0.912644,All
1.31382,0.914943,1.16114,0.914943,1.39326,0.914943,All
1.32385,0.917241,1.16846,0.917241,1.39903,0.917241,All
1.3585,0.91954,1.17675,0.91954,1.41672,0.91954,All
1.37136,0.921839,1.19783,0.921839,1.43035,0.921839,All
1.37589,0.924138,1.20798,0.924138,1.43476,0.924138,All
1.4388,0.926437,1.20962,0.926437,1.44155,0.926437,All
1.47432,0.928736,1.22374,0.928736,1.44166,0.928736,All
1.49434,0.931034,1.23071,0.931034,1.47068,0.931034,All
1.59729,0.933333,1.24749,0.933333,1.53682,0.933333,All
1.61298,0.935632,1.26274,0.935632,1.54202,0.935632,All
1.64777,0.937931,1.26789,0.937931,1.56163,0.937931,All
1.65928,0.94023,1.32055,0.94023,1.56436,0.94023,All
1.66141,0.942529,1.32243,0.942529,1.57013,0.942529,All
1.72071,0.944828,1.36683,0.944828,1.57463,0.944828,All
1.75819,0.947126,1.3769,0.947126,1.57753,0.947126,All
1.75927,0.949425,1.37784,0.949425,1.5778,0.949425,All
1.79863,0.951724,1.43299,0.951724,1.59462,0.951724,All
1.80201,0.954023,1.45106,0.954023,1.64712,0.954023,All
1.86042,0.956322,1.51392,0.956322,1.6506,0.956322,All
1.89065,0.958621,1.59462,0.958621,1.68782,0.958621,All
1.9115,0.96092,1.597,0.96092,1.71978,0.96092,All
1.94617,0.963218,1.6241,0.963218,1.7215,0.963218,All
2.02968,0.965517,1.64739,0.965517,1.75882,0.965517,All
2.0419,0.967816,1.6856,0.967816,1.79676,0.967816,All
2.19293,0.970115,1.74086,0.970115,1.82484,0.970115,All
2.30414,0.972414,1.74313,0.972414,1.84587,0.972414,All
2.48116,0.974713,1.78098,0.974713,1.89005,0.974713,All
2.48954,0.977011,1.8676,0.977011,1.92846,0.977011,All
2.50209,0.97931,1.87204,0.97931,1.93044,0.97931,All
2.67198,0.981609,1.8807,0.981609,1.94924,0.981609,All
2.76363,0.983908,1.89428,0.983908,1.98875,0.983908,All
2.84373,0.986207,1.90889,0.986207,2.0484,0.986207,All
3.97648,0.988506,1.94466,0.988506,2.2324,0.988506,All
4.2632,0.990805,1.95253,0.990805,2.51542,0.990805,All
5.0415,0.993103,2.00609,0.993103,2.73452,0.993103,All
5.98593,0.995402,2.10299,0.995402,2.77799,0.995402,All
6.62521,0.997701,2.25021,0.997701,2.82928,0.997701,All
6.63656,1,2.96925,1,2.86845,1,All
,,4,1,4,1,All
