Kcp_vs_Ke_abscissa,Kcp_vs_Ke_spline,Kcp_vs_Ke_regression,Kcp_vs_Kpc_abscissa,Kcp_vs_Kpc_spline,Kcp_vs_Kpc_regression,Kcp_vs_Vc_abscissa,Kcp_vs_Vc_spline,Kcp_vs_Vc_regression,Ke_vs_Kcp_abscissa,Ke_vs_Kcp_spline,Ke_vs_Kcp_regression,Ke_vs_Kpc_abscissa,Ke_vs_Kpc_spline,Ke_vs_Kpc_regression,Ke_vs_Vc_abscissa,Ke_vs_Vc_spline,Ke_vs_Vc_regression,Kpc_vs_Kcp_abscissa,Kpc_vs_Kcp_spline,Kpc_vs_Kcp_regression,Kpc_vs_Ke_abscissa,Kpc_vs_Ke_spline,Kpc_vs_Ke_regression,Kpc_vs_Vc_abscissa,Kpc_vs_Vc_spline,Kpc_vs_Vc_regression,Vc_vs_Kcp_abscissa,Vc_vs_Kcp_spline,Vc_vs_Kcp_regression,Vc_vs_Ke_abscissa,Vc_vs_Ke_spline,Vc_vs_Ke_regression,Vc_vs_Kpc_abscissa,Vc_vs_Kpc_spline,Vc_vs_Kpc_regression
-0.606978,1.04754,0.953916,-0.322568,0.568713,-0.976324,-0.989283,-1.96801,-1.2785,-4.32632,0.19828,0.253077,-0.322568,0.117733,0.0792495,-0.989283,0.107469,-0.123284,-4.32632,-0.150691,-0.213492,-0.606978,0.187801,0.160127,-0.989283,-0.103648,-0.0113248,-4.32632,-0.205403,-0.237456,-0.606978,-0.357923,-0.154661,-0.322568,0.173948,-0.0615977
-0.591962,1.02347,0.931554,-0.305431,0.112744,-0.93876,-0.968875,-1.85084,-1.25287,-4.24768,0.197062,0.249363,-0.305431,0.142751,0.0780901,-0.968875,0.0889905,-0.119745,-4.24768,-0.160021,-0.207546,-0.591962,0.186709,0.159022,-0.968875,-0.0886074,-0.00880838,-4.24768,-0.195946,-0.232945,-0.591962,-0.318628,-0.150912,-0.305431,0.146861,-0.0588005
-0.576946,0.999403,0.909192,-0.288293,-0.343224,-0.901196,-0.948466,-1.73366,-1.22723,-4.16905,0.195843,0.245648,-0.288293,0.167769,0.0769306,-0.948466,0.0705118,-0.116206,-4.16905,-0.16935,-0.2016,-0.576946,0.185616,0.157917,-0.948466,-0.0735665,-0.006292,-4.16905,-0.186489,-0.228435,-0.576946,-0.279333,-0.147164,-0.288293,0.119773,-0.0560034
-0.561929,0.975332,0.88683,-0.271156,-0.680985,-0.863633,-0.928057,-1.61649,-1.2016,-4.09042,0.194624,0.241934,-0.271156,0.182843,0.0757712,-0.928057,0.052033,-0.112668,-4.09042,-0.17868,-0.195655,-0.561929,0.184524,0.156813,-0.928057,-0.0585256,-0.00377563,-4.09042,-0.177032,-0.223925,-0.561929,-0.240038,-0.143416,-0.271156,0.0874089,-0.0532062
-0.546913,0.951261,0.864468,-0.254018,-0.919681,-0.826069,-0.907649,-1.49931,-1.17596,-4.01178,0.193637,0.23822,-0.254018,0.189637,0.0746118,-0.907649,0.0335543,-0.109129,-4.01178,-0.184175,-0.189709,-0.546913,0.183431,0.155708,-0.907649,-0.0434847,-0.00125925,-4.01178,-0.169263,-0.219415,-0.546913,-0.200742,-0.139667,-0.254018,0.0514607,-0.0504091
-0.531896,0.92719,0.842107,-0.236881,-1.07502,-0.788505,-0.88724,-1.38214,-1.15033,-3.93315,0.193196,0.234505,-0.236881,0.189564,0.0734524,-0.88724,0.0150755,-0.10559,-3.93315,-0.180593,-0.183763,-0.531896,0.182339,0.154603,-0.88724,-0.0284437,0.00125712,-3.93315,-0.165487,-0.214905,-0.531896,-0.161447,-0.135919,-0.236881,0.0140654,-0.0476119
-0.51688,0.903119,0.819745,-0.219743,-1.15649,-0.750941,-0.866832,-1.26497,-1.12469,-3.85451,0.192756,0.230791,-0.219743,0.183515,0.072293,-0.866832,-0.00340319,-0.102051,-3.85451,-0.177011,-0.177817,-0.51688,0.181246,0.153498,-0.866832,-0.0134028,0.00377349,-3.85451,-0.161711,-0.210394,-0.51688,-0.122152,-0.13217,-0.219743,-0.022917,-0.0448148
-0.501863,0.879318,0.797383,-0.202606,-1.16377,-0.713377,-0.846423,-1.14779,-1.09906,-3.77588,0.192315,0.227077,-0.202606,0.171735,0.0711336,-0.846423,-0.0218819,-0.0985128,-3.77588,-0.173429,-0.171872,-0.501863,0.179792,0.152393,-0.846423,0.00163813,0.00628987,-3.77588,-0.157935,-0.205884,-0.501863,-0.0904191,-0.128422,-0.202606,-0.0552701,-0.0420176
-0.486847,0.85599,0.775021,-0.185468,-1.11423,-0.675813,-0.826015,-1.03062,-1.07343,-3.69725,0.191875,0.223362,-0.185468,0.155711,0.0699742,-0.826015,-0.0403607,-0.0949741,-3.69725,-0.169847,-0.165926,-0.486847,0.177706,0.151289,-0.826015,0.0166791,0.00880624,-3.69725,-0.154158,-0.201374,-0.486847,-0.0718736,-0.124674,-0.185468,-0.0817781,-0.0392204
-0.471831,0.832661,0.752659,-0.168331,-1.06469,-0.63825,-0.805606,-0.913441,-1.04779,-3.61861,0.191434,0.219648,-0.168331,0.139688,0.0688148,-0.805606,-0.0588394,-0.0914354,-3.61861,-0.166265,-0.15998,-0.471831,0.17562,0.150184,-0.805606,0.03172,0.0113226,-3.61861,-0.150382,-0.196864,-0.471831,-0.0533281,-0.120925,-0.168331,-0.108286,-0.0364233
-0.456814,0.809333,0.730297,-0.151193,-1.01515,-0.600686,-0.785197,-0.796266,-1.02216,-3.53998,0.190993,0.215934,-0.151193,0.123664,0.0676554,-0.785197,-0.0773181,-0.0878967,-3.53998,-0.162683,-0.154035,-0.456814,0.173534,0.149079,-0.785197,0.0467609,0.013839,-3.53998,-0.146606,-0.192354,-0.456814,-0.0347827,-0.117177,-0.151193,-0.134794,-0.0336261
-0.441798,0.78606,0.707935,-0.134056,-0.921032,-0.563122,-0.764789,-0.679092,-0.996523,-3.46134,0.190553,0.212219,-0.134056,0.104869,0.066496,-0.764789,-0.0957969,-0.084358,-3.46134,-0.159101,-0.148089,-0.441798,0.171318,0.147974,-0.764789,0.0618018,0.0163554,-3.46134,-0.14283,-0.187843,-0.441798,-0.020126,-0.113428,-0.134056,-0.148036,-0.030829
-0.426781,0.762842,0.685573,-0.116918,-0.813945,-0.525558,-0.74438,-0.561917,-0.970889,-3.38271,0.190112,0.208505,-0.116918,0.0857632,0.0653365,-0.74438,-0.114276,-0.0808193,-3.38271,-0.155519,-0.142143,-0.426781,0.168952,0.146869,-0.74438,0.0768428,0.0188717,-3.38271,-0.139054,-0.183333,-0.426781,-0.0102957,-0.10968,-0.116918,-0.14975,-0.0280318
-0.411765,0.7396,0.663211,-0.0997806,-0.707648,-0.487994,-0.723972,-0.444742,-0.945255,-3.30408,0.189672,0.20479,-0.0997806,0.0673687,0.0641771,-0.723972,-0.132754,-0.0772806,-3.30408,-0.151936,-0.136198,-0.411765,0.166521,0.145764,-0.723972,0.0918837,0.0213881,-3.30408,-0.135278,-0.178823,-0.411765,-0.00383128,-0.105932,-0.0997806,-0.142185,-0.0252347
-0.396749,0.716327,0.640849,-0.0826431,-0.606218,-0.45043,-0.703563,-0.327568,-0.91962,-3.22544,0.189231,0.201076,-0.0826431,0.0507446,0.0630177,-0.703563,-0.151233,-0.0737419,-3.22544,-0.148354,-0.130252,-0.396749,0.164071,0.14466,-0.703563,0.106925,0.0239045,-3.22544,-0.131502,-0.174313,-0.396749,0.000935914,-0.102183,-0.0826431,-0.121384,-0.0224375
-0.381732,0.692991,0.618487,-0.0655056,-0.505467,-0.412867,-0.683154,-0.210393,-0.893986,-3.14681,0.188791,0.197362,-0.0655056,0.0343555,0.0618583,-0.683154,-0.169712,-0.0702032,-3.14681,-0.144772,-0.124306,-0.381732,0.16161,0.143555,-0.683154,0.121966,0.0264209,-3.14681,-0.127726,-0.169803,-0.381732,0.00344491,-0.098435,-0.0655056,-0.0991013,-0.0196403
-0.366716,0.66946,0.596125,-0.0483681,-0.408145,-0.375303,-0.662746,-0.0932185,-0.868352,-3.06818,0.18835,0.193647,-0.0483681,0.0190463,0.0606989,-0.662746,-0.188191,-0.0666645,-3.06818,-0.14119,-0.11836,-0.366716,0.159203,0.14245,-0.662746,0.137006,0.0289372,-3.06818,-0.12395,-0.165292,-0.366716,0.00268428,-0.0946866,-0.0483681,-0.0724811,-0.0168432
-0.351699,0.645798,0.573763,-0.0312306,-0.316662,-0.337739,-0.642337,-0.109863,-0.842718,-2.98954,0.18791,0.189933,-0.0312306,0.00550757,0.0595395,-0.642337,-0.179385,-0.0631258,-2.98954,-0.137608,-0.112415,-0.351699,0.156844,0.141345,-0.642337,0.128178,0.0314536,-2.98954,-0.120174,-0.160782,-0.351699,0.000225734,-0.0909382,-0.0312306,-0.0405508,-0.014046
-0.336683,0.622136,0.551402,-0.0140931,-0.230785,-0.300175,-0.621929,-0.1302,-0.817083,-2.91091,0.187469,0.186219,-0.0140931,-0.00645065,0.0583801,-0.621929,-0.169828,-0.0595871,-2.91091,-0.134026,-0.106469,-0.336683,0.154485,0.14024,-0.621929,0.11869,0.03397,-2.91091,-0.116398,-0.156272,-0.336683,-0.00223281,-0.0871898,-0.0140931,-0.00708006,-0.0112489
-0.321666,0.598459,0.52904,0.00304446,-0.151255,-0.262611,-0.60152,-0.150536,-0.791449,-2.83227,0.187029,0.182504,0.00304446,-0.0166899,0.0572207,-0.60152,-0.16027,-0.0560484,-2.83227,-0.130444,-0.100523,-0.321666,0.152134,0.139135,-0.60152,0.109203,0.0364864,-2.83227,-0.112622,-0.151762,-0.321666,-0.00479934,-0.0834415,0.00304446,0.0260263,-0.00845171
-0.30665,0.574315,0.506678,0.020182,-0.0877928,-0.225047,-0.581111,-0.170872,-0.765815,-2.75364,0.186477,0.17879,0.020182,-0.0228063,0.0560613,-0.581111,-0.150712,-0.0525097,-2.75364,-0.120608,-0.0945776,-0.30665,0.150022,0.138031,-0.581111,0.099716,0.0390027,-2.75364,-0.111513,-0.147252,-0.30665,-0.0105959,-0.0796931,0.020182,0.0513745,-0.00565455
-0.291634,0.550111,0.484316,0.0373195,-0.0246136,-0.187484,-0.560703,-0.191209,-0.740181,-2.67501,0.185912,0.175076,0.0373195,-0.0288501,0.0549019,-0.560703,-0.141154,-0.048971,-2.67501,-0.109985,-0.0886319,-0.291634,0.147947,0.136926,-0.560703,0.0902288,0.0415191,-2.67501,-0.110739,-0.142741,-0.291634,-0.016539,-0.0759447,0.0373195,0.0765819,-0.0028574
-0.276617,0.525296,0.461954,0.054457,0.0385656,-0.14992,-0.540294,-0.227739,-0.714546,-2.59637,0.185268,0.171361,0.054457,-0.034894,0.0537425,-0.540294,-0.128151,-0.0454323,-2.59637,-0.0991226,-0.0826862,-0.276617,0.146249,0.135821,-0.540294,0.079262,0.0440355,-2.59637,-0.110055,-0.138231,-0.276617,-0.023953,-0.0721963,0.054457,0.101789,-6.02379e-05
-0.261601,0.500482,0.439592,0.0715945,0.0896248,-0.112356,-0.519886,-0.270101,-0.688912,-2.51774,0.184487,0.167647,0.0715945,-0.037945,0.052583,-0.519886,-0.113863,-0.0418936,-2.51774,-0.0879107,-0.0767405,-0.261601,0.144552,0.134716,-0.519886,0.0681941,0.0465519,-2.51774,-0.109497,-0.133721,-0.261601,-0.0313669,-0.0684479,0.0715945,0.11761,0.00273692
-0.246584,0.475667,0.41723,0.088732,0.128178,-0.074792,-0.499477,-0.314757,-0.663278,-2.4391,0.183545,0.163932,0.088732,-0.0379312,0.0514236,-0.499477,-0.0990547,-0.0383549,-2.4391,-0.0765368,-0.0707948,-0.246584,0.142854,0.133611,-0.499477,0.057228,0.0490682,-2.4391,-0.10898,-0.129211,-0.246584,-0.0387808,-0.0646996,0.088732,0.12271,0.00553408
-0.231568,0.450376,0.394868,0.10587,0.158451,-0.0372282,-0.479068,-0.360638,-0.637644,-2.36047,0.182493,0.160218,0.10587,-0.0358732,0.0502642,-0.479068,-0.0839346,-0.0348162,-2.36047,-0.0651008,-0.0648491,-0.231568,0.141472,0.132506,-0.479068,0.0466529,0.0515846,-2.36047,-0.108471,-0.124701,-0.231568,-0.0464282,-0.0609512,0.10587,0.119909,0.00833123
-0.216551,0.424675,0.372506,0.123007,0.182039,0.000335621,-0.45866,-0.408234,-0.612009,-2.28184,0.181348,0.156504,0.123007,-0.0321232,0.0491048,-0.45866,-0.068377,-0.0312776,-2.28184,-0.0536757,-0.0589034,-0.216551,0.140368,0.131402,-0.45866,0.0366358,0.054101,-2.28184,-0.107941,-0.12019,-0.216551,-0.0540557,-0.0572028,0.123007,0.110598,0.0111284
-0.201535,0.398576,0.350144,0.140145,0.198823,0.0378995,-0.438251,-0.456033,-0.586375,-2.2032,0.179991,0.152789,0.140145,-0.0265701,0.0479454,-0.438251,-0.0526613,-0.0277389,-2.2032,-0.0423325,-0.0529576,-0.201535,0.139542,0.130297,-0.438251,0.0277234,0.0566174,-2.2032,-0.10734,-0.11568,-0.201535,-0.0612824,-0.0534544,0.140145,0.0944059,0.0139255
-0.186519,0.372103,0.327782,0.157282,0.213592,0.0754633,-0.417843,-0.501514,-0.560741,-2.12457,0.178458,0.149075,0.157282,-0.0204481,0.046786,-0.417843,-0.0372426,-0.0242002,-2.12457,-0.0311555,-0.0470119,-0.186519,0.138982,0.129192,-0.417843,0.0209462,0.0591337,-2.12457,-0.106636,-0.11117,-0.186519,-0.0679545,-0.0497061,0.157282,0.076066,0.0167227
-0.171502,0.345179,0.30542,0.17442,0.224507,0.113027,-0.397434,-0.546831,-0.535107,-2.04594,0.176571,0.145361,0.17442,-0.0131736,0.0456266,-0.397434,-0.0218453,-0.0206615,-2.04594,-0.0205126,-0.0410662,-0.171502,0.138736,0.128087,-0.397434,0.0143176,0.0616501,-2.04594,-0.105641,-0.10666,-0.171502,-0.0737725,-0.0459577,0.17442,0.0534157,0.0195199
-0.156486,0.317469,0.283058,0.191557,0.233992,0.150591,-0.377025,-0.58975,-0.509472,-1.9673,0.174563,0.141646,0.191557,-0.00512425,0.0444672,-0.377025,-0.00683927,-0.0171228,-1.9673,-0.0100657,-0.0351205,-0.156486,0.138792,0.126982,-0.377025,0.00907131,0.0641665,-1.9673,-0.104541,-0.10215,-0.156486,-0.0774884,-0.0422093,0.191557,0.0280738,0.022317
-0.141469,0.289557,0.260697,0.208695,0.243294,0.188155,-0.356617,-0.628159,-0.483838,-1.88867,0.172555,0.137932,0.208695,0.00305479,0.0433078,-0.356617,0.00741022,-0.0135841,-1.88867,0.000381289,-0.0291748,-0.141469,0.138926,0.125877,-0.356617,0.00622892,0.0666829,-1.88867,-0.103442,-0.0976394,-0.141469,-0.0806606,-0.0384609,0.208695,0.00229155,0.0251142
-0.126453,0.261645,0.238335,0.225832,0.252724,0.225719,-0.336208,-0.662173,-0.458204,-1.81003,0.170235,0.134218,0.225832,0.0112346,0.0421484,-0.336208,0.020887,-0.0100454,-1.81003,0.0101825,-0.0232291,-0.126453,0.13906,0.124773,-0.336208,0.00537815,0.0691992,-1.81003,-0.10201,-0.0931292,-0.126453,-0.0838328,-0.0347125,0.225832,-0.0234705,0.0279113
-0.111437,0.233733,0.215973,0.24297,0.266042,0.263282,-0.3158,-0.690632,-0.43257,-1.7314,0.167688,0.130503,0.24297,0.0191637,0.0409889,-0.3158,0.0333682,-0.00650667,-1.7314,0.019511,-0.0172834,-0.111437,0.139194,0.123668,-0.3158,0.00686109,0.0717156,-1.7314,-0.100336,-0.088619,-0.111437,-0.0870049,-0.0309642,0.24297,-0.0477531,0.0307085
-0.0964201,0.205821,0.193611,0.260107,0.281242,0.300846,-0.295391,-0.712074,-0.406935,-1.65277,0.164762,0.126789,0.260107,0.0268421,0.0398295,-0.295391,0.0445725,-0.00296798,-1.65277,0.0279015,-0.0113377,-0.0964201,0.139328,0.122563,-0.295391,0.0111022,0.074232,-1.65277,-0.098194,-0.0841088,-0.0964201,-0.0901771,-0.0272158,0.260107,-0.0709128,0.0335056
-0.0814037,0.177615,0.171249,0.277245,0.302216,0.33841,-0.274982,-0.725882,-0.381301,-1.57413,0.161446,0.123074,0.277245,0.0336137,0.0386701,-0.274982,0.0543727,0.000570721,-1.57413,0.0351887,-0.00539199,-0.0814037,0.13938,0.121458,-0.274982,0.0181984,0.0767484,-1.57413,-0.09551,-0.0795986,-0.0814037,-0.0921177,-0.0234674,0.277245,-0.0901906,0.0363028
-0.0663873,0.149033,0.148887,0.294382,0.326898,0.375974,-0.254574,-0.73151,-0.355667,-1.4955,0.157742,0.11936,0.294382,0.0397879,0.0375107,-0.254574,0.0626576,0.00410942,-1.4955,0.0413691,0.000553721,-0.0663873,0.139028,0.120353,-0.254574,0.0282477,0.0792647,-1.4955,-0.0922831,-0.0750884,-0.0663873,-0.0918072,-0.019719,0.294382,-0.106925,0.0391
-0.0513709,0.120408,0.126525,0.31152,0.358067,0.413538,-0.234165,-0.727838,-0.330033,-1.41686,0.154037,0.115646,0.31152,0.0448852,0.0363513,-0.234165,0.0692098,0.00764811,-1.41686,0.0475496,0.00649943,-0.0513709,0.138452,0.119248,-0.234165,0.0415458,0.0817811,-1.41686,-0.0890563,-0.0705782,-0.0513709,-0.0908324,-0.0159706,0.31152,-0.119084,0.0418971
-0.0363544,0.0917832,0.104163,0.328657,0.393647,0.451102,-0.213757,-0.714157,-0.304398,-1.33823,0.150333,0.111931,0.328657,0.0492384,0.0351919,-0.213757,0.0739031,0.0111868,-1.33823,0.05373,0.0124451,-0.0363544,0.137877,0.118144,-0.213757,0.0580322,0.0842975,-1.33823,-0.0858294,-0.066068,-0.0363544,-0.0898576,-0.0122223,0.328657,-0.128071,0.0446943
-0.021338,0.0631741,0.0818012,0.345795,0.43737,0.488665,-0.193348,-0.691229,-0.278764,-1.2596,0.146178,0.108217,0.345795,0.0521673,0.0340325,-0.193348,0.0769036,0.0147255,-1.2596,0.0585126,0.0183908,-0.021338,0.136745,0.117039,-0.193348,0.0769033,0.0868138,-1.2596,-0.0819238,-0.0615578,-0.021338,-0.0876736,-0.00847388,0.345795,-0.130947,0.0474914
-0.0063216,0.0346182,0.0594393,0.362932,0.487033,0.526229,-0.172939,-0.660183,-0.25313,-1.18096,0.141491,0.104503,0.362932,0.0540475,0.0328731,-0.172939,0.0784425,0.0182642,-1.18096,0.0615892,0.0243365,-0.0063216,0.135117,0.115934,-0.172939,0.0973062,0.0893302,-1.18096,-0.0771933,-0.0570476,-0.0063216,-0.0845511,-0.0047255,0.362932,-0.129315,0.0502886
0.00869482,0.00627995,0.0370773,0.38007,0.536695,0.563793,-0.152531,-0.619312,-0.227496,-1.10233,0.136317,0.100788,0.38007,0.0559277,0.0317137,-0.152531,0.078255,0.0218029,-1.10233,0.0632027,0.0302823,0.00869482,0.132504,0.114829,-0.152531,0.11861,0.0918466,-1.10233,-0.0717607,-0.0525374,0.00869482,-0.0799585,-0.000977125,0.38007,-0.127683,0.0530857
0.0237112,-0.0220572,0.0147154,0.397207,0.586357,0.601357,-0.132122,-0.57493,-0.201861,-1.0237,0.131028,0.097074,0.397207,0.0578079,0.0305543,-0.132122,0.0774583,0.0253416,-1.0237,0.0645535,0.036228,0.0237112,0.129886,0.113724,-0.132122,0.140062,0.094363,-1.0237,-0.0662033,-0.0480272,0.0237112,-0.075359,0.00277125,0.397207,-0.126052,0.0558829
0.0387277,-0.0501679,-0.0076465,0.414345,0.63602,0.638921,-0.111714,-0.520223,-0.176227,-0.945061,0.125017,0.0933596,0.414345,0.0596881,0.0293949,-0.111714,0.0749335,0.0288803,-0.945061,0.0645191,0.0421737,0.0387277,0.126462,0.112619,-0.111714,0.160515,0.0968793,-0.945061,-0.0599912,-0.043517,0.0387277,-0.0697306,0.00651963,0.414345,-0.12442,0.0586801
0.0537441,-0.0779422,-0.0300084,0.431482,0.690139,0.676485,-0.091305,-0.463277,-0.150593,-0.866428,0.119006,0.0896452,0.431482,0.0607228,0.0282354,-0.091305,0.0720479,0.032419,-0.866428,0.0644846,0.0481194,0.0537441,0.121977,0.111515,-0.091305,0.180442,0.0993957,-0.866428,-0.053779,-0.0390068,0.0537441,-0.0628822,0.010268,0.431482,-0.11911,0.0614772
0.0687605,-0.105526,-0.0523703,0.44862,0.752034,0.714048,-0.0708964,-0.398274,-0.124959,-0.787794,0.112581,0.0859309,0.44862,0.0602821,0.027076,-0.0708964,0.0679094,0.0359577,-0.787794,0.0640304,0.0540651,0.0687605,0.116949,0.11041,-0.0708964,0.197429,0.101912,-0.787794,-0.0473758,-0.0344966,0.0687605,-0.0554729,0.0140164,0.44862,-0.107381,0.0642744
0.0837769,-0.132734,-0.0747323,0.465757,0.81393,0.751612,-0.0504878,-0.329666,-0.0993244,-0.70916,0.105549,0.0822165,0.465757,0.0598413,0.0259166,-0.0504878,0.0632429,0.0394964,-0.70916,0.0632541,0.0600108,0.0837769,0.110914,0.109305,-0.0504878,0.212367,0.104428,-0.70916,-0.0408369,-0.0299864,0.0837769,-0.0470445,0.0177648,0.465757,-0.0956526,0.0670715
0.0987933,-0.159369,-0.0970942,0.482895,0.880041,0.789176,-0.0300792,-0.256052,-0.0736901,-0.630526,0.0981262,0.0785022,0.482895,0.0584281,0.0247572,-0.0300792,0.0579174,0.0430351,-0.630526,0.0625622,0.0659565,0.0987933,0.103859,0.1082,-0.0300792,0.222789,0.106945,-0.630526,-0.0343542,-0.0254762,0.0987933,-0.0374143,0.0215132,0.482895,-0.079571,0.0698687
0.11381,-0.185825,-0.119456,0.500032,0.949442,0.82674,-0.00967056,-0.178594,-0.0480559,-0.551892,0.0903764,0.0747878,0.500032,0.0562562,0.0235978,-0.00967056,0.0521405,0.0465738,-0.551892,0.0620058,0.0719022,0.11381,0.0965221,0.107095,-0.00967056,0.228506,0.109461,-0.551892,-0.0279504,-0.020966,0.11381,-0.0274292,0.0252615,0.500032,-0.0600929,0.0726658
0.128826,-0.21228,-0.141818,0.51717,1.01884,0.864304,0.010738,-0.0999151,-0.0224216,-0.473258,0.0820133,0.0710734,0.51717,0.0540842,0.0224384,0.010738,0.0462551,0.0501125,-0.473258,0.0620323,0.0778479,0.128826,0.0891851,0.10599,0.010738,0.231972,0.111978,-0.473258,-0.0218564,-0.0164558,0.128826,-0.0174442,0.0290099,0.51717,-0.0406149,0.075463
0.143843,-0.238203,-0.16418,0.534307,1.08824,0.901868,0.0311466,-0.0175991,0.00321264,-0.394624,0.0732774,0.0673591,0.534307,0.0519122,0.021279,0.0311466,0.0401451,0.0536512,-0.394624,0.0625414,0.0837936,0.143843,0.0814241,0.104886,0.0311466,0.227343,0.114494,-0.394624,-0.0160139,-0.0119456,0.143843,-0.00665144,0.0327583,0.534307,-0.0211368,0.0782602
0.158859,-0.263429,-0.186542,0.551445,1.15764,0.939431,0.0515552,0.0653811,0.0288469,-0.315991,0.0641277,0.0636447,0.551445,0.0497402,0.0201196,0.0515552,0.0340273,0.0571899,-0.315991,0.0637631,0.0897393,0.158859,0.0737609,0.103781,0.0515552,0.220769,0.11701,-0.315991,-0.0105375,-0.00743536,0.158859,0.00481477,0.0365067,0.551445,-0.00165878,0.0810573
0.173875,-0.288603,-0.208904,0.568583,1.22787,0.976995,0.0719638,0.148362,0.0544811,-0.237357,0.0544171,0.0599303,0.568583,0.0472985,0.0189602,0.0719638,0.0284648,0.0607286,-0.237357,0.0660984,0.095685,0.173875,0.066121,0.102676,0.0719638,0.20754,0.119527,-0.237357,-0.0056302,-0.00292516,0.173875,0.0163205,0.040255,0.568583,0.0190723,0.0838545
0.188892,-0.313633,-0.231266,0.58572,1.30054,1.01456,0.0923724,0.231238,0.0801154,-0.158723,0.0442151,0.056216,0.58572,0.0440619,0.0178008,0.0923724,0.0230254,0.0642673,-0.158723,0.0695949,0.101631,0.188892,0.0586293,0.101571,0.0923724,0.193154,0.122043,-0.158723,-0.0013127,0.00158504,0.188892,0.0278907,0.0440034,0.58572,0.0434963,0.0866516
0.203908,-0.338083,-0.253628,0.602858,1.37342,1.05212,0.112781,0.314115,0.10575,-0.0800891,0.0333094,0.0525016,0.602858,0.0405729,0.0166413,0.112781,0.017586,0.067806,-0.0800891,0.0751906,0.107576,0.203908,0.0518257,0.100466,0.112781,0.178767,0.124559,-0.0800891,0.00196288,0.00609524,0.203908,0.0396624,0.0477518,0.602858,0.0691682,0.0894488
0.218925,-0.362157,-0.27599,0.619995,1.44636,1.08969,0.13319,0.393648,0.131384,-0.00145526,0.0223323,0.0487873,0.619995,0.0369828,0.0154819,0.13319,0.0132762,0.0713447,-0.00145526,0.080999,0.113522,0.218925,0.0457507,0.0993615,0.13319,0.16111,0.127076,-0.00145526,0.00513293,0.0106054,0.218925,0.0513973,0.0515002,0.619995,0.0953441,0.0922459
0.233941,-0.385819,-0.298351,0.637133,1.51664,1.12725,0.153598,0.469243,0.157018,0.0771786,0.0111729,0.0450729,0.637133,0.0330324,0.0143225,0.153598,0.0100173,0.0748834,0.0771786,0.0880379,0.119468,0.233941,0.0406968,0.0982567,0.153598,0.142947,0.129592,0.0771786,0.00775108,0.0151156,0.233941,0.0629626,0.0552486,0.637133,0.123699,0.0950431
0.248958,-0.40915,-0.320713,0.65427,1.58655,1.16481,0.174007,0.542017,0.182652,0.155812,-0.000100495,0.0413585,0.65427,0.0290514,0.0131631,0.174007,0.00746217,0.0784221,0.155812,0.0968177,0.125414,0.248958,0.0366102,0.0971518,0.174007,0.125008,0.132109,0.155812,0.00962646,0.0196258,0.248958,0.0742934,0.0589969,0.65427,0.152257,0.0978403
0.263974,-0.431928,-0.343075,0.671408,1.65647,1.20238,0.194415,0.60865,0.208287,0.234446,-0.0113739,0.0376442,0.671408,0.0250704,0.0120037,0.194415,0.00637576,0.0819607,0.234446,0.105597,0.131359,0.263974,0.0341572,0.096047,0.194415,0.108324,0.134625,0.234446,0.0115018,0.024136,0.263974,0.0851776,0.0627453,0.671408,0.180815,0.100637
0.27899,-0.454688,-0.365437,0.688545,1.72639,1.23994,0.214824,0.669973,0.233921,0.31308,-0.0226131,0.0339298,0.688545,0.0210894,0.0108443,0.214824,0.00650991,0.0854994,0.31308,0.114463,0.137305,0.27899,0.0317491,0.0949422,0.214824,0.0933101,0.137141,0.31308,0.0133509,0.0286462,0.27899,0.0960481,0.0664937,0.688545,0.209373,0.103435
0.294007,-0.476553,-0.387799,0.705683,1.7963,1.27751,0.235233,0.724129,0.259555,0.391714,-0.0333084,0.0302155,0.705683,0.0171084,0.00968489,0.235233,0.00824984,0.0890381,0.391714,0.124521,0.143251,0.294007,0.0314091,0.0938374,0.235233,0.0810556,0.139658,0.391714,0.0148552,0.0331564,0.294007,0.106257,0.0702421,0.705683,0.237931,0.106232
0.309023,-0.498003,-0.410161,0.72282,1.86622,1.31507,0.255641,0.767376,0.285189,0.470348,-0.0432631,0.0265011,0.72282,0.0131274,0.00852548,0.255641,0.0123607,0.0925768,0.470348,0.13495,0.149196,0.309023,0.0318765,0.0927325,0.255641,0.0735704,0.142174,0.470348,0.0164023,0.0376666,0.309023,0.116182,0.0739905,0.72282,0.266489,0.109029
0.32404,-0.519145,-0.432523,0.739958,1.93021,1.35263,0.27605,0.808173,0.310824,0.548982,-0.0529656,0.0227867,0.739958,0.00931038,0.00736607,0.27605,0.0169992,0.0961155,0.548982,0.145416,0.155142,0.32404,0.03286,0.0916277,0.27605,0.0671721,0.14469,0.548982,0.018001,0.0421768,0.32404,0.125909,0.0777388,0.739958,0.295012,0.111826
0.339056,-0.539268,-0.454885,0.757095,1.99011,1.3902,0.296458,0.837046,0.336458,0.627615,-0.0616474,0.0190724,0.757095,0.00560684,0.00620666,0.296458,0.0241039,0.0996542,0.627615,0.155936,0.161088,0.339056,0.0353595,0.0905229,0.296458,0.0658328,0.147207,0.627615,0.0198461,0.046687,0.339056,0.135014,0.0814872,0.757095,0.323512,0.114623
0.354073,-0.558414,-0.477247,0.774233,2.05,1.42776,0.316867,0.862996,0.362092,0.706249,-0.069193,0.015358,0.774233,0.00190331,0.00504725,0.316867,0.0318132,0.103193,0.706249,0.166261,0.167034,0.354073,0.0390547,0.089418,0.316867,0.0657336,0.149723,0.706249,0.0220703,0.0511972,0.354073,0.143561,0.0852356,0.774233,0.352011,0.11742
0.369089,-0.57756,-0.499609,0.79137,2.1099,1.46533,0.337276,0.88188,0.387726,0.784883,-0.0758303,0.0116436,0.79137,-0.00180023,0.00388784,0.337276,0.0409054,0.106732,0.784883,0.176315,0.172979,0.369089,0.0427498,0.0883132,0.337276,0.0684461,0.15224,0.784883,0.0246442,0.0557074,0.369089,0.152108,0.088984,0.79137,0.38051,0.120218
0.384105,-0.595915,-0.521971,0.808508,2.16494,1.50289,0.357684,0.893711,0.413361,0.863517,-0.0811553,0.00792928,0.808508,-0.00515464,0.00272843,0.357684,0.0513452,0.11027,0.863517,0.185895,0.178925,0.384105,0.0472505,0.0872084,0.357684,0.073888,0.154756,0.863517,0.0277582,0.0602176,0.384105,0.16023,0.0927324,0.808508,0.407894,0.123015
0.399122,-0.612733,-0.544333,0.825645,2.20811,1.54045,0.378093,0.898524,0.438995,0.942151,-0.0848536,0.00421492,0.825645,-0.00765523,0.00156902,0.378093,0.0630513,0.113809,0.942151,0.194746,0.184871,0.399122,0.0530894,0.0861036,0.378093,0.0818689,0.157272,0.942151,0.0315987,0.0647278,0.399122,0.167559,0.0964807,0.825645,0.432551,0.125812
0.414138,-0.629384,-0.566695,0.842783,2.25129,1.57802,0.398501,0.898045,0.464629,1.02078,-0.0870708,0.000500556,0.842783,-0.0101558,0.000409614,0.398501,0.0756609,0.117348,1.02078,0.202853,0.190816,0.414138,0.0590585,0.0849987,0.398501,0.0916429,0.159789,1.02078,0.0361338,0.069238,0.414138,0.174804,0.100229,0.842783,0.457209,0.128609
0.429155,-0.64368,-0.589056,0.85992,2.29447,1.61558,0.41891,0.888766,0.490263,1.09942,-0.0855062,-0.00321381,0.85992,-0.0126564,-0.000749796,0.41891,0.0896477,0.120886,1.09942,0.208739,0.196762,0.429155,0.0664154,0.0838939,0.41891,0.104102,0.162305,1.09942,0.042574,0.0737482,0.429155,0.18094,0.103977,0.85992,0.481866,0.131406
0.444171,-0.656895,-0.611418,0.877058,2.33765,1.65314,0.439319,0.879405,0.515898,1.17805,-0.0831061,-0.00692817,0.877058,-0.015157,-0.00190921,0.439319,0.103647,0.124425,1.17805,0.214134,0.202708,0.444171,0.0743273,0.0827891,0.439319,0.116586,0.164821,1.17805,0.049435,0.0782584,0.444171,0.186578,0.107726,0.877058,0.506524,0.134203
0.459187,-0.67011,-0.63378,0.894195,2.38082,1.69071,0.459727,0.85985,0.541532,1.25669,-0.080706,-0.0106425,0.894195,-0.0176576,-0.00306861,0.459727,0.118803,0.127964,1.25669,0.219529,0.208653,0.459187,0.0822391,0.0816842,0.459727,0.131142,0.167338,1.25669,0.0562961,0.0827687,0.459187,0.192216,0.111474,0.894195,0.531181,0.137
0.474204,-0.683325,-0.656142,0.911333,2.34084,1.72827,0.480136,0.829071,0.567166,1.33532,-0.0773142,-0.0143569,0.911333,-0.0118115,-0.00422802,0.480136,0.135,0.131503,1.33532,0.224285,0.214599,0.474204,0.090151,0.0805794,0.480136,0.147431,0.169854,1.33532,0.06368,0.0872789,0.474204,0.197854,0.115223,0.911333,0.52478,0.139798
0.48922,-0.694218,-0.678504,0.92847,2.26964,1.76584,0.500544,0.798291,0.5928,1.41395,-0.069135,-0.0180713,0.92847,-0.00283284,-0.00538743,0.500544,0.151197,0.135041,1.41395,0.225904,0.220545,0.48922,0.0987425,0.0794746,0.500544,0.163719,0.172371,1.41395,0.0736119,0.0917891,0.48922,0.202505,0.118971,0.92847,0.506722,0.142595
0.504237,-0.701735,-0.700866,0.945608,2.19844,1.8034,0.520953,0.767512,0.618435,1.49259,-0.0585775,-0.0217856,0.945608,0.00614584,-0.00654684,0.520953,0.167394,0.13858,1.49259,0.225951,0.226491,0.504237,0.108322,0.0783697,0.520953,0.180007,0.174887,1.49259,0.0848425,0.0962993,0.504237,0.20572,0.122719,0.945608,0.488664,0.145392
0.519253,-0.709252,-0.723228,0.962745,2.12724,1.84096,0.541362,0.736733,0.644069,1.57122,-0.0466593,-0.0255,0.962745,0.0151245,-0.00770625,0.541362,0.183591,0.142119,1.57122,0.225105,0.232436,0.519253,0.117902,0.0772649,0.541362,0.196295,0.177403,1.57122,0.0968169,0.100809,0.519253,0.208935,0.126468,0.962745,0.470607,0.148189
0.53427,-0.71677,-0.74559,0.979883,2.05604,1.87853,0.56177,0.705953,0.669703,1.64986,-0.034741,-0.0292143,0.979883,0.0241032,-0.00886566,0.56177,0.199787,0.145657,1.64986,0.224259,0.238382,0.53427,0.127482,0.0761601,0.56177,0.212583,0.17992,1.64986,0.108791,0.10532,0.53427,0.21215,0.130216,0.979883,0.452549,0.150986
0.549286,-0.724287,-0.767952,0.99702,1.98484,1.91609,0.582179,0.675174,0.695337,1.72849,-0.0206309,-0.0329287,0.99702,0.0330819,-0.0100251,0.582179,0.215984,0.149196,1.72849,0.222079,0.244328,0.549286,0.137062,0.0750553,0.582179,0.228871,0.182436,1.72849,0.121982,0.10983,0.549286,0.215365,0.133965,0.99702,0.434491,0.153783
0.564302,-0.730588,-0.790314,1.01416,1.91364,1.95365,0.602587,0.642372,0.720972,1.80712,-0.00581861,-0.0366431,1.01416,0.0420606,-0.0111845,0.602587,0.232008,0.152735,1.80712,0.219553,0.250273,0.564302,0.146733,0.0739504,0.602587,0.244617,0.184952,1.80712,0.135576,0.11434,0.564302,0.218104,0.137713,1.01416,0.416434,0.156581
0.579319,-0.731089,-0.812676,1.0313,1.84244,1.99122,0.622996,0.595181,0.746606,1.88576,0.00916405,-0.0403574,1.0313,0.0510393,-0.0123439,0.622996,0.246795,0.156273,1.88576,0.217029,0.256219,0.579319,0.156837,0.0728456,0.622996,0.2565,0.187469,1.88576,0.149282,0.11885,0.579319,0.218573,0.141461,1.0313,0.398376,0.159378
0.594335,-0.731591,-0.835038,1.04843,1.77124,2.02878,0.643405,0.54799,0.77224,1.96439,0.0242467,-0.0440718,1.04843,0.0600179,-0.0135033,0.643405,0.261582,0.159812,1.96439,0.214586,0.262165,0.594335,0.166942,0.0717408,0.643405,0.268383,0.189985,1.96439,0.163067,0.12336,0.594335,0.219042,0.14521,1.04843,0.380318,0.162175
0.609352,-0.732092,-0.8574,1.06557,1.70004,2.06635,0.663813,0.500798,0.797874,2.04302,0.0388518,-0.0477861,1.06557,0.0689966,-0.0146627,0.663813,0.276369,0.163351,2.04302,0.212732,0.268111,0.609352,0.177046,0.0706359,0.663813,0.280267,0.192502,2.04302,0.176637,0.127871,0.609352,0.219512,0.148958,1.06557,0.36226,0.164972
0.624368,-0.732594,-0.879761,1.08271,1.62884,2.10391,0.684222,0.453607,0.823509,2.12166,0.0529354,-0.0515005,1.08271,0.0779753,-0.0158221,0.684222,0.291157,0.166889,2.12166,0.211388,0.274056,0.624368,0.187151,0.0695311,0.684222,0.29215,0.195018,2.12166,0.18995,0.132381,0.624368,0.219981,0.152706,1.08271,0.344203,0.167769
0.639385,-0.728517,-0.902123,1.09985,1.55764,2.14147,0.70463,0.406416,0.849143,2.20029,0.0654453,-0.0552149,1.09985,0.086954,-0.0169815,0.70463,0.305944,0.170428,2.20029,0.211484,0.280002,0.639385,0.196947,0.0684263,0.70463,0.304033,0.197534,2.20029,0.202471,0.136891,0.639385,0.21876,0.156455,1.09985,0.326145,0.170566
0.654401,-0.723046,-0.924485,1.11698,1.48644,2.17904,0.725039,0.359224,0.874777,2.27893,0.0774609,-0.0589292,1.11698,0.0959327,-0.0181409,0.725039,0.320731,0.173967,2.27893,0.212007,0.285948,0.654401,0.206648,0.0673214,0.725039,0.315916,0.200051,2.27893,0.214739,0.141401,0.654401,0.217024,0.160203,1.11698,0.308087,0.173364
0.669417,-0.717111,-0.946847,1.13412,1.41524,2.2166,0.745448,0.311271,0.900411,2.35756,0.0817086,-0.0626436,1.13412,0.104911,-0.0193003,0.745448,0.33437,0.177506,2.35756,0.218873,0.291893,0.669417,0.216239,0.0662166,0.745448,0.325032,0.202567,2.35756,0.222968,0.145911,0.669417,0.21513,0.163952,1.13412,0.29003,0.176161
0.684434,-0.694524,-0.969209,1.15126,1.34404,2.25417,0.765856,0.261483,0.926046,2.43619,0.0653226,-0.066358,1.15126,0.11389,-0.0204598,0.765856,0.345242,0.181044,2.43619,0.242303,0.297839,0.684434,0.22182,0.0651118,0.765856,0.327482,0.205083,2.43619,0.220421,0.150422,0.684434,0.207538,0.1677,1.15126,0.271972,0.178958
0.69945,-0.671938,-0.991571,1.1684,1.27284,2.29173,0.786265,0.211694,0.95168,2.51483,0.0489367,-0.0700723,1.1684,0.122869,-0.0216192,0.786265,0.356114,0.184583,2.51483,0.265732,0.303785,0.69945,0.2274,0.064007,0.786265,0.329932,0.2076,2.51483,0.217874,0.154932,0.69945,0.199946,0.171448,1.1684,0.253914,0.181755
0.714467,-0.649351,-1.01393,1.18553,1.20164,2.32929,0.806673,0.162673,0.977314,2.59346,0.0325507,-0.0737867,1.18553,0.131847,-0.0227786,0.806673,0.365519,0.188122,2.59346,0.289162,0.30973,0.714467,0.232981,0.0629021,0.806673,0.328962,0.210116,2.59346,0.215326,0.159442,0.714467,0.192354,0.175197,1.18553,0.235856,0.184552
0.729483,-0.626764,-1.03629,1.20267,1.13044,2.36686,0.827082,0.114626,1.00295,2.6721,0.0161648,-0.077501,1.20267,0.140826,-0.023938,0.827082,0.373474,0.19166,2.6721,0.312592,0.315676,0.729483,0.238562,0.0617973,0.827082,0.324622,0.212633,2.6721,0.212779,0.163952,0.729483,0.184762,0.178945,1.20267,0.217799,0.187349
0.744499,-0.604177,-1.05866,1.21981,1.05924,2.40442,0.847491,0.0787499,1.02858,2.75073,-0.000221153,-0.0812154,1.21981,0.149805,-0.0250974,0.847491,0.371591,0.195199,2.75073,0.336021,0.321622,0.744499,0.244143,0.0606925,0.847491,0.297797,0.215149,2.75073,0.210231,0.168462,0.744499,0.177169,0.182693,1.21981,0.199741,0.190146
0.759516,-0.58159,-1.08102,1.23695,0.988041,2.44198,0.867899,0.042874,1.05422,2.82936,-0.0166071,-0.0849298,1.23695,0.158783,-0.0262568,0.867899,0.369708,0.198738,2.82936,0.359451,0.327568,0.759516,0.249723,0.0595876,0.867899,0.270972,0.217665,2.82936,0.207684,0.172973,0.759516,0.169577,0.186442,1.23695,0.181683,0.192944
0.774532,-0.559003,-1.10338,1.25408,0.916841,2.47955,0.888308,0.00699803,1.07985,2.908,-0.032993,-0.0886441,1.25408,0.167762,-0.0274162,0.888308,0.367825,0.202276,2.908,0.38288,0.333513,0.774532,0.255304,0.0584828,0.888308,0.244147,0.220182,2.908,0.205137,0.177483,0.774532,0.161985,0.19019,1.25408,0.163626,0.195741
0.789549,-0.536416,-1.12574,1.27122,0.845641,2.51711,0.908716,-0.0288779,1.10549,2.98663,-0.049379,-0.0923585,1.27122,0.176741,-0.0285756,0.908716,0.365943,0.205815,2.98663,0.40631,0.339459,0.789549,0.260885,0.057378,0.908716,0.217322,0.222698,2.98663,0.202589,0.181993,0.789549,0.154393,0.193939,1.27122,0.145568,0.198538
0.804565,-0.51383,-1.1481,1.28836,0.774442,2.55468,0.929125,-0.0647539,1.13112,3.06526,-0.0657649,-0.0960729,1.28836,0.185719,-0.029735,0.929125,0.36406,0.209354,3.06526,0.429739,0.345405,0.804565,0.266466,0.0562731,0.929125,0.190497,0.225214,3.06526,0.200042,0.186503,0.804565,0.146801,0.197687,1.28836,0.12751,0.201335
0.819582,-0.491243,-1.17047,1.3055,0.703242,2.59224,0.949534,-0.10063,1.15675,3.1439,-0.0821509,-0.0997872,1.3055,0.194698,-0.0308944,0.949534,0.362177,0.212893,3.1439,0.453169,0.35135,0.819582,0.272046,0.0551683,0.949534,0.163672,0.227731,3.1439,0.197495,0.191013,0.819582,0.139209,0.201435,1.3055,0.109453,0.204132
0.834598,-0.468656,-1.19283,1.32263,0.632042,2.6298,0.969942,-0.136506,1.18239,3.22253,-0.0985368,-0.103502,1.32263,0.203677,-0.0320539,0.969942,0.360294,0.216431,3.22253,0.476599,0.357296,0.834598,0.277627,0.0540635,0.969942,0.136847,0.230247,3.22253,0.194947,0.195524,0.834598,0.131617,0.205184,1.32263,0.0913948,0.206929
0.849614,-0.446069,-1.21519,1.33977,0.560842,2.66737,0.990351,-0.172382,1.20802,3.30117,-0.114923,-0.107216,1.33977,0.212656,-0.0332133,0.990351,0.358411,0.21997,3.30117,0.500028,0.363242,0.849614,0.283208,0.0529587,0.990351,0.110022,0.232764,3.30117,0.1924,0.200034,0.849614,0.124024,0.208932,1.33977,0.0733371,0.209727
0.864631,-0.423482,-1.23755,1.35691,0.489643,2.70493,1.01076,-0.208258,1.23366,3.3798,-0.131309,-0.11093,1.35691,0.221634,-0.0343727,1.01076,0.356528,0.223509,3.3798,0.523458,0.369188,0.864631,0.288789,0.0518538,1.01076,0.0831967,0.23528,3.3798,0.189853,0.204544,0.864631,0.116432,0.21268,1.35691,0.0552794,0.212524
0.879647,-0.400895,-1.25991,1.37405,0.418443,2.7425,1.03117,-0.244134,1.25929,3.45843,-0.150573,-0.114645,1.37405,0.230613,-0.0355321,1.03117,0.354645,0.227047,3.45843,0.549151,0.375133,0.879647,0.294369,0.050749,1.03117,0.0563717,0.237796,3.45843,0.185794,0.209054,0.879647,0.10884,0.216429,1.37405,0.0372217,0.215321
