CL_abscissa,CL_pdf,CL_cdf,Vc_abscissa,Vc_pdf,Vc_cdf,Q1_abscissa,Q1_pdf,Q1_cdf,Vp1_abscissa,Vp1_pdf,Vp1_cdf,split
0.329183,0.0043651,0.000416105,1.62273,0.0103252,0.00459149,0.00176936,2.33362,0.0021045,1.87757,0.0262108,0.0169156,All
1.12995,0.0328606,0.0154,2.36638,0.0216465,0.0164413,0.065214,3.14063,0.267931,2.56705,0.0390271,0.0395942,All
1.93073,0.0510968,0.0498684,3.11003,0.0322053,0.0365777,0.128659,1.89127,0.422087,3.25654,0.0482805,0.0699015,All
2.7315,0.059082,0.0944979,3.85369,0.0405327,0.0637775,0.192103,1.28957,0.521021,3.94602,0.0541657,0.105395,All
3.53227,0.061263,0.142959,4.59734,0.0464085,0.0962507,0.255548,0.945378,0.591021,4.63551,0.0573648,0.143977,All
4.33304,0.060381,0.191806,5.34099,0.0501124,0.132262,0.318992,0.726748,0.643589,5.325,0.0585737,0.184043,All
5.13381,0.0579458,0.239253,6.08465,0.0520641,0.170349,0.382437,0.577844,0.684694,6.01448,0.0583704,0.224425,All
5.93458,0.0547828,0.284418,6.8283,0.0526745,0.209365,0.445882,0.471238,0.717797,6.70397,0.0571992,0.264312,All
6.73535,0.0513451,0.326918,7.57195,0.0522956,0.248447,0.509326,0.391988,0.745064,7.39345,0.0553884,0.303155,All
7.53613,0.0478812,0.366643,8.3156,0.0512104,0.28697,0.572771,0.331312,0.767927,8.08294,0.0531762,0.340599,All
8.3369,0.0445245,0.403631,9.05926,0.0496385,0.324493,0.636215,0.283739,0.787379,8.77242,0.0507328,0.376431,All
9.13767,0.0413433,0.437998,9.80291,0.0477465,0.360719,0.69966,0.245702,0.804131,9.46191,0.0481781,0.410533,All
9.93844,0.0383682,0.469899,10.5466,0.045659,0.395458,0.763105,0.214784,0.818706,10.1514,0.0455959,0.442861,All
10.7392,0.0356086,0.499504,11.2902,0.0434678,0.428602,0.826549,0.189298,0.8315,10.8409,0.0430434,0.473416,All
11.54,0.0330619,0.526985,12.0339,0.0412397,0.460099,0.889994,0.168032,0.842815,11.5304,0.040559,0.502232,All
12.3408,0.0307187,0.552509,12.7775,0.0390225,0.489941,0.953438,0.150099,0.852891,12.2199,0.0381674,0.529367,All
13.1415,0.0285663,0.576233,13.5212,0.0368499,0.518149,1.01688,0.134835,0.861918,12.9093,0.0358836,0.554889,All
13.9423,0.0265909,0.598306,14.2648,0.0347447,0.544765,1.08033,0.121734,0.870046,13.5988,0.0337159,0.578876,All
14.7431,0.0247782,0.618863,15.0085,0.0327219,0.569845,1.14377,0.110406,0.877402,14.2883,0.0316675,0.601409,All
15.5438,0.0231143,0.638029,15.7521,0.0307908,0.593455,1.20722,0.100545,0.884087,14.9778,0.0297384,0.622572,All
16.3446,0.0215861,0.655918,16.4958,0.0289563,0.615664,1.27066,0.0919085,0.890186,15.6673,0.0279263,0.642445,All
17.1454,0.0201815,0.672633,17.2394,0.0272202,0.636546,1.33411,0.0843031,0.895771,16.3568,0.0262273,0.661107,All
17.9462,0.0188893,0.68827,17.9831,0.0255821,0.656174,1.39755,0.0775718,0.900901,17.0463,0.0246365,0.678636,All
18.7469,0.0176993,0.702913,18.7267,0.0240401,0.674619,1.461,0.0715863,0.905629,17.7357,0.0231486,0.695104,All
19.5477,0.0166021,0.71664,19.4704,0.022591,0.691952,1.52444,0.0662412,0.909998,18.4252,0.021758,0.71058,All
20.3485,0.0155895,0.729524,20.2141,0.0212313,0.70824,1.58788,0.0614492,0.914046,19.1147,0.0204587,0.725129,All
21.1492,0.0146537,0.741628,20.9577,0.0199567,0.72355,1.65133,0.0571372,0.917806,19.8042,0.0192452,0.738812,All
21.95,0.013788,0.753011,21.7014,0.0187628,0.737942,1.71477,0.0532439,0.921305,20.4937,0.018112,0.751686,All
22.7508,0.0129861,0.763727,22.445,0.0176452,0.751475,1.77822,0.0497174,0.92457,21.1832,0.0170536,0.763805,All
23.5516,0.0122426,0.773825,23.1887,0.0165993,0.764204,1.84166,0.0465136,0.927621,21.8727,0.016065,0.775218,All
24.3523,0.0115523,0.783348,23.9323,0.0156208,0.77618,1.90511,0.0435949,0.930478,22.5621,0.0151414,0.785973,All
25.1531,0.0109108,0.792339,24.676,0.0147055,0.787452,1.96855,0.0409289,0.933158,23.2516,0.0142784,0.796112,All
25.9539,0.0103139,0.800834,25.4196,0.0138493,0.798066,2.032,0.0384877,0.935676,23.9411,0.0134715,0.805675,All
26.7546,0.00975789,0.808868,26.1633,0.0130483,0.808064,2.09544,0.0362472,0.938046,24.6306,0.012717,0.814701,All
27.5554,0.00923949,0.816472,26.9069,0.0122988,0.817486,2.15889,0.0341863,0.940279,25.3201,0.0120111,0.823223,All
28.3562,0.00875562,0.823675,27.6506,0.0115974,0.826368,2.22233,0.0322866,0.942387,26.0096,0.0113504,0.831274,All
29.157,0.00830352,0.830503,28.3942,0.0109409,0.834746,2.28578,0.0305322,0.944379,26.6991,0.0107316,0.838884,All
29.9577,0.0078807,0.836981,29.1379,0.0103261,0.842651,2.34922,0.0289087,0.946264,27.3885,0.0101519,0.846081,All
30.7585,0.00748487,0.843132,29.8815,0.00975034,0.850113,2.41266,0.0274039,0.94805,28.078,0.00960858,0.852892,All
31.5593,0.00711397,0.848975,30.6252,0.00921083,0.857162,2.47611,0.0260066,0.949743,28.7675,0.00909899,0.859339,All
32.36,0.00676611,0.854531,31.3688,0.00870513,0.863821,2.53955,0.024707,0.951352,29.457,0.00862082,0.865446,All
33.1608,0.00643958,0.859817,32.1125,0.00823093,0.870117,2.603,0.0234965,0.95288,30.1465,0.0081719,0.871234,All
33.9616,0.00613279,0.86485,32.8562,0.0077861,0.87607,2.66644,0.0223673,0.954335,30.836,0.00775023,0.876721,All
34.7624,0.00584431,0.869644,33.5998,0.00736864,0.881704,2.72989,0.0213124,0.95572,31.5255,0.00735393,0.881927,All
35.5631,0.00557283,0.874214,34.3435,0.00697669,0.887036,2.79333,0.0203256,0.957041,32.2149,0.00698128,0.886868,All
36.3639,0.00531715,0.878573,35.0871,0.00660853,0.892086,2.85678,0.0194013,0.958301,32.9044,0.00663068,0.891559,All
37.1647,0.00507614,0.882734,35.8308,0.00626257,0.896871,2.92022,0.0185345,0.959504,33.5939,0.00630067,0.896016,All
37.9654,0.00484881,0.886707,36.5744,0.00593733,0.901406,2.98367,0.0177207,0.960653,34.2834,0.00598985,0.900252,All
38.7662,0.00463422,0.890503,37.3181,0.00563141,0.905706,3.04711,0.0169556,0.961753,34.9729,0.00569697,0.90428,All
39.567,0.0044315,0.894132,38.0617,0.00534355,0.909786,3.11055,0.0162357,0.962806,35.6624,0.00542085,0.908112,All
40.3678,0.00423987,0.897603,38.8054,0.00507256,0.913658,3.174,0.0155574,0.963814,36.3519,0.0051604,0.911759,All
41.1685,0.0040586,0.900925,39.549,0.00481733,0.917334,3.23744,0.0149178,0.964781,37.0413,0.0049146,0.915231,All
41.9693,0.00388701,0.904105,40.2927,0.00457683,0.920826,3.30089,0.0143141,0.965708,37.7308,0.00468251,0.918539,All
42.7701,0.00372449,0.907152,41.0363,0.00435013,0.924145,3.36433,0.0137437,0.966598,38.4203,0.00446326,0.921691,All
43.5708,0.00357044,0.910073,41.78,0.00413632,0.927299,3.42778,0.0132042,0.967452,39.1098,0.00425604,0.924696,All
44.3716,0.00342435,0.912873,42.5236,0.00393458,0.9303,3.49122,0.0126935,0.968274,39.7993,0.0040601,0.927563,All
45.1724,0.00328572,0.915559,43.2673,0.00374416,0.933154,3.55467,0.0122097,0.969064,40.4888,0.00387473,0.930297,All
45.9732,0.00315409,0.918137,44.0109,0.00356433,0.935871,3.61811,0.0117511,0.969824,41.1783,0.00369927,0.932908,All
46.7739,0.00302903,0.920612,44.7546,0.00339444,0.938458,3.68156,0.0113158,0.970555,41.8677,0.00353314,0.935401,All
47.5747,0.00291015,0.92299,45.4983,0.00323386,0.940922,3.745,0.0109024,0.97126,42.5572,0.00337575,0.937782,All
48.3755,0.00279708,0.925274,46.2419,0.00308202,0.94327,3.80845,0.0105096,0.971939,43.2467,0.00322657,0.940058,All
49.1762,0.00268949,0.927471,46.9856,0.00293839,0.945508,3.87189,0.010136,0.972594,43.9362,0.00308513,0.942233,All
49.977,0.00258704,0.929583,47.7292,0.00280247,0.947642,3.93533,0.00978036,0.973226,44.6257,0.00295096,0.944314,All
50.7778,0.00248946,0.931615,48.4729,0.00267378,0.949678,3.99878,0.00944169,0.973835,45.3152,0.00282362,0.946304,All
51.5786,0.00239645,0.933571,49.2165,0.00255189,0.95162,4.06222,0.00911893,0.974424,46.0047,0.00270273,0.948209,All
52.3793,0.00230776,0.935454,49.9602,0.00243641,0.953475,4.12567,0.00881112,0.974993,46.6941,0.0025879,0.950032,All
53.1801,0.00222316,0.937268,50.7038,0.00232694,0.955245,4.18911,0.00851739,0.975542,47.3836,0.0024788,0.951779,All
53.9809,0.0021424,0.939016,51.4475,0.00222314,0.956937,4.25256,0.00823693,0.976074,48.0731,0.00237508,0.953452,All
54.7816,0.0020653,0.9407,52.1911,0.00212467,0.958553,4.316,0.00796897,0.976588,48.7626,0.00227645,0.955055,All
55.5824,0.00199163,0.942324,52.9348,0.00203122,0.960098,4.37945,0.00771281,0.977085,49.4521,0.00218262,0.956592,All
56.3832,0.00192123,0.943891,53.6784,0.0019425,0.961575,4.44289,0.00746779,0.977567,50.1416,0.00209333,0.958066,All
57.184,0.00185392,0.945402,54.4221,0.00185825,0.962988,4.50634,0.0072333,0.978033,50.8311,0.00200831,0.95948,All
57.9847,0.00178954,0.946861,55.1657,0.00177821,0.96434,4.56978,0.00700876,0.978485,51.5205,0.00192734,0.960836,All
58.7855,0.00172792,0.948269,55.9094,0.00170214,0.965634,4.63323,0.00679365,0.978923,52.21,0.00185019,0.962138,All
59.5863,0.00166894,0.949629,56.653,0.00162982,0.966873,4.69667,0.00658746,0.979347,52.8995,0.00177666,0.963389,All
60.387,0.00161245,0.950943,57.3967,0.00156103,0.968059,4.76011,0.00638971,0.979759,53.589,0.00170655,0.964589,All
61.1878,0.00155833,0.952212,58.1404,0.00149559,0.969195,4.82356,0.00619999,0.980158,54.2785,0.00163969,0.965743,All
61.9886,0.00150646,0.953439,58.884,0.00143331,0.970284,4.887,0.00601786,0.980545,54.968,0.00157589,0.966851,All
62.7894,0.00145673,0.954625,59.6277,0.00137402,0.971328,4.95045,0.00584296,0.980922,55.6575,0.00151499,0.967916,All
63.5901,0.00140903,0.955772,60.3713,0.00131754,0.972329,5.01389,0.00567491,0.981287,56.3469,0.00145685,0.968941,All
64.3909,0.00136326,0.956882,61.115,0.00126375,0.973288,5.07734,0.00551338,0.981642,57.0364,0.00140133,0.969926,All
65.1917,0.00131933,0.957956,61.8586,0.00121248,0.974209,5.14078,0.00535804,0.981987,57.7259,0.00134828,0.970874,All
65.9924,0.00127715,0.958996,62.6023,0.0011636,0.975092,5.20423,0.0052086,0.982322,58.4154,0.00129758,0.971786,All
66.7932,0.00123664,0.960002,63.3459,0.001117,0.97594,5.26767,0.00506478,0.982648,59.1049,0.00124911,0.972664,All
67.594,0.00119771,0.960977,64.0896,0.00107254,0.976754,5.33112,0.00492631,0.982965,59.7944,0.00120275,0.973509,All
68.3948,0.0011603,0.961921,64.8332,0.00103012,0.977536,5.39456,0.00479293,0.983273,60.4839,0.00115841,0.974323,All
69.1955,0.00112433,0.962835,65.5769,0.000989625,0.978286,5.45801,0.00466441,0.983573,61.1733,0.00111598,0.975107,All
69.9963,0.00108974,0.963722,66.3205,0.000950966,0.979008,5.52145,0.00454053,0.983865,61.8628,0.00107537,0.975862,All
70.7971,0.00105646,0.964581,67.0642,0.000914045,0.979701,5.58489,0.00442107,0.984149,62.5523,0.00103649,0.97659,All
71.5978,0.00102444,0.965414,67.8078,0.000878773,0.980368,5.64834,0.00430584,0.984426,63.2418,0.000999247,0.977292,All
72.3986,0.000993611,0.966222,68.5515,0.000845066,0.981009,5.71178,0.00419465,0.984696,63.9313,0.00096357,0.977968,All
73.1994,0.000963928,0.967006,69.2951,0.000812847,0.981625,5.77523,0.00408731,0.984958,64.6208,0.000929382,0.978621,All
74.0002,0.000935338,0.967766,70.0388,0.000782041,0.982218,5.83867,0.00398367,0.985214,65.3102,0.000896611,0.97925,All
74.8009,0.000907793,0.968504,70.7825,0.000752577,0.982789,5.90212,0.00388355,0.985464,65.9997,0.00086519,0.979857,All
75.6017,0.000881247,0.96922,71.5261,0.00072439,0.983338,5.96556,0.00378681,0.985707,66.6892,0.000835055,0.980443,All
76.4025,0.000855657,0.969916,72.2698,0.000697416,0.983866,6.02901,0.00369331,0.985944,67.3787,0.000806145,0.981009,All
77.2032,0.000830982,0.970591,73.0134,0.000671598,0.984375,6.09245,0.00360291,0.986176,68.0682,0.000778404,0.981555,All
78.004,0.000807184,0.971247,73.7571,0.000646878,0.984865,6.1559,0.00351547,0.986402,68.7577,0.000751778,0.982083,All
78.8048,0.000784223,0.971884,74.5007,0.000623204,0.985338,6.21934,0.00343088,0.986622,69.4472,0.000726215,0.982592,All
79.6056,0.000762067,0.972503,75.2444,0.000600525,0.985792,6.28278,0.00334902,0.986837,70.1366,0.000701666,0.983084,All
