popPred_spline_abscissa,popPred_spline,popPred_ci_abscissa,popPred_piLower,popPred_piUpper,indivPred_spline_abscissa,indivPred_spline,indivPred_ci_abscissa,indivPred_piLower,indivPred_piUpper,split
0.00195852,0.95623,0.00195852,-0.000940856,0.00485789,0.000163832,1.70575,0.000163832,-7.87036e-05,0.000406367,All
0.00241984,0.91389,0.00241984,-0.00116247,0.00600214,0.000221165,1.70574,0.000221165,-0.000106246,0.000548577,All
0.00298982,0.861576,0.00298982,-0.00143629,0.00741592,0.000298563,1.70572,0.000298563,-0.000143427,0.000740552,All
0.00369405,0.806102,0.00369405,-0.0017746,0.00916271,0.000403045,1.7057,0.000403045,-0.00019362,0.00099971,All
0.00456417,0.751581,0.00456417,-0.00219259,0.0113209,0.000544092,1.70567,0.000544092,-0.000261378,0.00134956,All
0.00563924,0.702968,0.00563924,-0.00270905,0.0139875,0.000734498,1.70564,0.000734498,-0.000352847,0.00182184,All
0.00696754,0.670086,0.00696754,-0.00334715,0.0172822,0.000991538,1.70559,0.000991538,-0.000476327,0.0024594,All
0.00860871,0.667949,0.00860871,-0.00413556,0.021353,0.00133853,1.70553,0.00133853,-0.000643019,0.00332008,All
0.0106365,0.714541,0.0106365,-0.00510967,0.0263826,0.00180695,1.70547,0.00180695,-0.000868045,0.00448195,All
0.0131418,0.827021,0.0131418,-0.00631323,0.0325969,0.0024393,1.7054,0.0024393,-0.00117182,0.00605041,All
0.0162373,1.00207,0.0162373,-0.00780029,0.0402749,0.00329293,1.70534,0.00329293,-0.0015819,0.00816777,All
0.020062,1.19698,0.020062,-0.00963761,0.0497615,0.00444531,1.70533,0.00444531,-0.00213549,0.0110261,All
0.0247875,1.3537,0.0247875,-0.0119077,0.0614826,0.00600095,1.70543,0.00600095,-0.00288281,0.0148847,All
0.030626,1.43609,0.030626,-0.0147125,0.0759646,0.008101,1.70578,0.008101,-0.00389166,0.0200937,All
0.0378398,1.45924,0.0378398,-0.018178,0.0938577,0.010936,1.7066,0.010936,-0.00525355,0.0271255,All
0.0467528,1.46121,0.0467528,-0.0224597,0.115965,0.014763,1.70832,0.014763,-0.00709205,0.0366181,All
0.0577653,1.4644,0.0577653,-0.02775,0.143281,0.0199294,1.71155,0.0199294,-0.00957393,0.0494327,All
0.0713716,1.46954,0.0713716,-0.0342864,0.17703,0.0269037,1.71722,0.0269037,-0.0129243,0.0667318,All
0.0881829,1.47753,0.0881829,-0.0423624,0.218728,0.0363188,1.72634,0.0363188,-0.0174473,0.0900848,All
0.108954,1.48986,0.108954,-0.0523406,0.270249,0.0490286,1.73907,0.0490286,-0.023553,0.12161,All
0.134618,1.50552,0.134618,-0.0646693,0.333904,0.0661863,1.75176,0.0661863,-0.0317954,0.164168,All
0.166326,1.52561,0.166326,-0.0799018,0.412554,0.0893483,1.75792,0.0893483,-0.0429222,0.221619,All
0.205503,1.55056,0.205503,-0.0987223,0.509729,0.120616,1.75589,0.120616,-0.057943,0.299175,All
0.253909,1.58117,0.253909,-0.121976,0.629794,0.162826,1.75417,0.162826,-0.0782203,0.403872,All
0.313716,1.61789,0.313716,-0.150707,0.778139,0.219807,1.76224,0.219807,-0.105594,0.545208,All
0.38761,1.66244,0.38761,-0.186205,0.961426,0.296729,1.79426,0.296729,-0.142546,0.736005,All
0.47891,1.71674,0.47891,-0.230065,1.18789,0.40057,1.85511,0.40057,-0.192431,0.993572,All
0.591715,1.78401,0.591715,-0.284256,1.46769,0.540751,1.96064,0.540751,-0.259773,1.34127,All
0.731091,1.86969,0.731091,-0.351211,1.81339,0.729988,2.09144,0.729988,-0.350681,1.81066,All
0.903296,1.98529,0.903296,-0.433937,2.24053,0.985449,2.21004,0.985449,-0.473402,2.4443,All
1.11606,2.14507,1.11606,-0.536149,2.76828,1.33031,2.29805,1.33031,-0.63907,3.29969,All
1.37895,2.38411,1.37895,-0.662436,3.42033,1.79585,2.36337,1.79585,-0.862715,4.45442,All
1.53616,2.54179,1.53616,-0.73796,3.81028,2.42432,2.50108,2.42432,-1.16462,6.01326,All
1.70375,2.70988,1.70375,-0.81847,4.22597,3.27271,2.80236,3.27271,-1.57219,8.11762,All
2.10506,3.1871,2.10506,-1.01126,5.22138,4.41801,3.33858,4.41801,-2.12238,10.9584,All
2.6009,3.86499,2.6009,-1.24945,6.45126,5.9641,4.11423,5.9641,-2.86511,14.7933,All
3.07036,4.59199,3.07036,-1.47498,7.6157,8.05125,5.16196,8.05125,-3.86776,19.9703,All
3.21353,4.83056,3.21353,-1.54376,7.97082,10.7488,6.51054,10.7488,-5.16363,26.6612,All
3.97047,6.17559,3.97047,-1.90738,9.84831,10.8688,6.57045,10.8688,-5.22129,26.9589,All
4.60456,7.40792,4.60456,-2.212,11.4211,14.6724,8.45903,14.6724,-7.0485,36.3932,All
4.90569,8.01337,4.90569,-2.35666,12.168,19.807,10.9782,19.807,-9.51514,49.1292,All
6.0612,10.4337,6.0612,-2.91176,15.0342,21.4974,11.7983,21.4974,-10.3272,53.3219,All
6.13877,10.5985,6.13877,-2.94902,15.2266,26.7385,14.3035,26.7385,-12.845,66.322,All
7.48889,13.4374,7.48889,-3.59761,18.5754,32.246,16.8718,32.246,-15.4907,79.9827,All
7.67297,13.8197,7.67297,-3.68604,19.032,36.0957,18.6246,36.0957,-17.3401,89.5316,All
9.20717,16.9167,9.20717,-4.42305,22.8374,42.9946,21.6186,42.9946,-20.6543,106.643,All
9.25287,17.0062,9.25287,-4.44501,22.9507,48.7275,24.0857,48.7275,-23.4083,120.863,All
10.7414,19.9087,10.7414,-5.16007,26.6428,53.7432,26.1838,53.7432,-25.8178,133.304,All
11.4323,21.2138,11.4323,-5.49201,28.3567,64.4918,30.3843,64.4918,-30.9814,159.965,All
12.2756,22.727,12.2756,-5.89709,30.4482,65.7798,30.8854,65.7798,-31.6001,163.16,All
13.8098,25.3899,13.8098,-6.63411,34.2537,75.2404,34.4204,75.2404,-36.1449,186.626,All
14.1252,25.9373,14.1252,-6.78563,35.036,85.989,38.1593,85.989,-41.3085,213.286,All
15.344,28.0528,15.344,-7.37113,38.0591,88.7997,39.1028,88.7997,-42.6587,220.258,All
16.8782,30.7157,16.8782,-8.10815,41.8645,96.7376,41.6161,96.7376,-46.472,239.947,All
17.4523,31.7122,17.4523,-8.38395,43.2885,107.486,44.892,107.486,-51.6355,266.608,All
18.4124,33.2143,18.4124,-8.84517,45.6699,118.235,47.9887,118.235,-56.7991,293.269,All
19.9466,35.5623,19.9466,-9.58219,49.4754,119.875,48.4364,119.875,-57.5872,297.338,All
21.4808,37.9103,21.4808,-10.3192,53.2808,128.983,50.9099,128.983,-61.9626,319.929,All
21.5631,38.0363,21.5631,-10.3588,53.485,139.732,53.2446,139.732,-67.1262,346.59,All
23.015,40.1678,23.015,-11.0562,57.0862,150.481,55.5793,150.481,-72.2897,373.251,All
24.5492,42.0896,24.5492,-11.7932,60.8916,161.229,57.914,161.229,-77.4533,399.912,All
26.0834,44.0115,26.0834,-12.5303,64.6971,161.826,58.0436,161.826,-77.74,401.392,All
26.6422,44.7114,26.6422,-12.7987,66.0831,171.978,60.2487,171.978,-82.6168,426.572,All
27.6176,45.9333,27.6176,-13.2673,68.5025,182.726,62.5834,182.726,-87.7804,453.233,All
29.1518,47.8551,29.1518,-14.0043,72.3079,193.475,64.6403,193.475,-92.9439,479.894,All
30.686,49.7769,30.686,-14.7413,76.1133,204.224,66.4343,204.224,-98.1075,506.555,All
32.2202,51.6987,32.2202,-15.4783,79.9187,214.972,68.2282,214.972,-103.271,533.215,All
32.9176,52.5724,32.9176,-15.8134,81.6487,218.457,68.7554,218.457,-104.945,541.86,All
33.7544,53.6206,33.7544,-16.2154,83.7242,225.721,69.7643,225.721,-108.435,559.876,All
35.2886,55.5424,35.2886,-16.9524,87.5296,236.469,71.2572,236.469,-113.598,586.537,All
36.8228,57.4642,36.8228,-17.6894,91.335,247.218,72.7502,247.218,-118.762,613.198,All
38.357,59.386,38.357,-18.4264,95.1404,257.967,74.2431,257.967,-123.925,639.858,All
39.8912,61.3078,39.8912,-19.1634,98.9459,268.715,75.72,268.715,-129.089,666.519,All
40.6712,62.285,40.6712,-19.5382,100.881,279.464,77.0991,279.464,-134.252,693.18,All
41.4254,63.2297,41.4254,-19.9005,102.751,290.212,78.4781,290.212,-139.416,719.841,All
42.9596,65.1515,42.9596,-20.6375,106.557,294.907,79.0805,294.907,-141.671,731.485,All
44.4938,67.0053,44.4938,-21.3745,110.362,300.961,79.8572,300.961,-144.579,746.501,All
46.028,68.8143,46.028,-22.1115,114.168,311.71,81.2363,311.71,-149.743,773.162,All
47.5622,70.6233,47.5622,-22.8485,117.973,322.458,82.6153,322.458,-154.906,799.823,All
49.0964,72.5055,49.0964,-23.5855,121.778,333.207,83.9944,333.207,-160.07,826.484,All
50.2512,74.0382,50.2512,-24.1403,124.643,343.955,85.3734,343.955,-165.234,853.144,All
50.6306,74.5418,50.6306,-24.3226,125.584,354.704,86.7525,354.704,-170.397,879.805,All
52.1648,76.5781,52.1648,-25.0596,129.389,365.453,88.1315,365.453,-175.561,906.466,All
53.699,78.6145,53.699,-25.7966,133.195,376.201,89.7825,376.201,-180.724,933.127,All
55.2332,80.6508,55.2332,-26.5336,137,386.95,91.4345,386.95,-185.888,959.787,All
56.7674,82.6871,56.7674,-27.2706,140.806,397.698,93.8552,397.698,-191.051,986.448,All
58.3016,84.7234,58.3016,-28.0077,144.611,398.111,93.9635,398.111,-191.249,987.47,All
59.8358,86.7597,59.8358,-28.7447,148.416,408.447,96.6813,408.447,-196.215,1013.11,All
61.37,88.7961,61.37,-29.4817,152.222,419.196,99.5074,419.196,-201.378,1039.77,All
62.0876,89.7485,62.0876,-29.8264,154.002,429.944,102.334,429.944,-206.542,1066.43,All
62.9042,90.8324,62.9042,-30.2187,156.027,440.693,105.16,440.693,-211.705,1093.09,All
64.4384,93.3479,64.4384,-30.9557,159.833,451.441,107.986,451.441,-216.869,1119.75,All
65.9726,96.0696,65.9726,-31.6928,163.638,462.19,110.812,462.19,-222.033,1146.41,All
67.5068,98.7914,67.5068,-32.4298,167.443,472.939,113.638,472.939,-227.196,1173.07,All
69.0411,101.513,69.0411,-33.1668,171.249,483.687,116.464,483.687,-232.36,1199.73,All
70.5753,104.235,70.5753,-33.9038,175.054,494.436,119.29,494.436,-237.523,1226.39,All
72.1095,106.957,72.1095,-34.6408,178.86,505.184,122.116,505.184,-242.687,1253.06,All
73.6437,109.678,73.6437,-35.3779,182.665,515.933,124.943,515.933,-247.85,1279.72,All
75.1779,112.4,75.1779,-36.1149,186.471,526.682,127.769,526.682,-253.014,1306.38,All
76.7121,115.122,76.7121,-36.8519,190.276,537.43,130.595,537.43,-258.177,1333.04,All
