<TT>   Detected outliers (N=40)                                                      
       ==============================================================================

<TH>   USUBJID | ID | TIME              | TAD | DV                | ERES             
       ------------------------------------------------------------------------------
<TR>   1       | 1  | 2.63625246158135  | NA  | 2.85532512886949  | -18.8369795919685
<TR>   2       | 2  | 2.73141122913506  | NA  | 1.79065552969238  | -12.1227204700933
<TR>   7       | 7  | 2.85930408472012  | NA  | 0.873326162382844 | -23.6923840157195
<TR>   9       | 9  | 0.229007633587788 | NA  | 47.2668012844669  | 17.6094578349944 
<TR>   10      | 10 | 0.001             | NA  | 41.4616955979681  | -76.1529382130417
<TR>   12      | 12 | 0.001             | NA  | 81.9020547985053  | -223.332711609367
<TR>   12      | 12 | 0.545454545454561 | NA  | 58.7200108517273  | -148.87809118435 
<TR>   12      | 12 | 1.45454545454544  | NA  | 34.4803967442691  | -13.3549616982399
<TR>   12      | 12 | 2.36363636363635  | NA  | 0.455994429799687 | 19.3451659226181 
<TR>   12      | 12 | 3.09090909090907  | NA  | 0.191971604269897 | -85.2195219003199
<TR>   12      | 12 | 3.99999999999997  | NA  | 0.267759978661646 | -8.2067674345691 
<TR>   12      | 12 | 4.90909090909093  | NA  | 0.191971604269899 | -69.7169276761522
<TR>   12      | 12 | 5.27272727272728  | NA  | 10.4073710953022  | -34.5591386603896
<TR>   12      | 12 | 6.00000000000003  | NA  | 4.68295765998292  | -34.5749376814495
<TR>   12      | 12 | 8.36363636363637  | NA  | 1.23733001789699  | -12.1265816522026
<TR>   12      | 12 | 8.90909090909091  | NA  | 1.72581492168871  | -11.521877347396 
<TR>   12      | 12 | 9.63636363636363  | NA  | 3.35746551522899  | -11.5674417753016
<TR>   12      | 12 | 11.2727272727273  | NA  | 0.948153413069289 | -14.3068664434998
<TR>   12      | 12 | 13.0909090909091  | NA  | 0.205181749395281 | -10.4190781933822
<TR>   12      | 12 | 13.6363636363637  | NA  | 0.520910373074803 | -12.1038565442121
<TR>   12      | 12 | 15.4545454545454  | NA  | 0.595067832070068 | -7.76035253432274
<TR>   12      | 12 | 16.3636363636363  | NA  | 0.23439168253127  | -6.79581110384148
<TR>   13      | 13 | 3.0040361330002   | NA  | 75.2811989206528  | 68.6405697334294 
<TR>   13      | 13 | 9.00518931385739  | NA  | 32.163339711465   | 32.1165307282618 
<TR>   14      | 14 | 1.75695461200587  | NA  | 93.2206646621993  | 59.6950155085216 
<TR>   14      | 14 | 3.29428989751096  | NA  | 61.1766041180644  | 61.4824739858729 
<TR>   15      | 15 | 0.675893479187685 | NA  | 107.267262737273  | -99.9449385046232
<TR>   15      | 15 | 2.23980700641579  | NA  | 7.85268443013186  | -36.8564416723375
<TR>   15      | 15 | 2.56631554866953  | NA  | 18.3238255578015  | 8.79328628168876 
<TR>   15      | 15 | 4.1021535006083   | NA  | 9.03226282618097  | -12.0932709428695
<TR>   15      | 15 | 8.33844586093232  | NA  | 9.66433413621709  | 9.67408865438898 
<TR>   15      | 15 | 11.8822073641194  | NA  | 27.810422890868   | 27.7307913729962 
<TR>   15      | 15 | 16.9607669831235  | NA  | 42.3349286599864  | 42.3353968106475 
<TR>   15      | 15 | 17.4578086493569  | NA  | 92.03853099441    | 92.0135782634278 
<TR>   16      | 16 | 0.001             | NA  | 37.2007886752862  | -10.4713903787738
<TR>   17      | 17 | 0.001             | NA  | 100               | 81.2911518689089 
<TR>   18      | 18 | 0.001             | NA  | 468.523854273687  | 420.563651305204 
<TR>   19      | 19 | 0.001             | NA  | 43.5065070307563  | 44.2349603465767 
<TR>   19      | 19 | 5.60413354531     | NA  | 8.23498193126803  | 8.21253334858996 
<TR>   20      | 20 | 0.001             | NA  | 46.199167140104   | -68.3484310383866
       ------------------------------------------------------------------------------
<TF>    N=40 outliers detected.<br>Rule for outlier detection: (|ERES| > 6)          
