popPred_spline_abscissa,popPred_spline,popPred_ci_abscissa,popPred_piLower,popPred_piUpper,indivPred_spline_abscissa,indivPred_spline,indivPred_ci_abscissa,indivPred_piLower,indivPred_piUpper,split
0.0622838,2.2851,0.0622838,0.0163227,0.108245,0.000800747,-0.0811416,0.000800747,0.000209852,0.00139164,All
0.0728592,2.2681,0.0728592,0.0190942,0.126624,0.00104235,-0.0809224,0.00104235,0.000273169,0.00181154,All
0.0852302,2.31917,0.0852302,0.0223363,0.148124,0.00135686,-0.0806356,0.00135686,0.000355591,0.00235812,All
0.0997017,2.38702,0.0997017,0.0261288,0.173275,0.00176625,-0.0802603,0.00176625,0.000462882,0.00306963,All
0.11663,2.41932,0.11663,0.0305653,0.202695,0.00229918,-0.0797718,0.00229918,0.000602545,0.00399581,All
0.136433,2.45318,0.136433,0.035755,0.237112,0.0029929,-0.0791359,0.0029929,0.000784348,0.00520145,All
0.159599,2.46837,0.159599,0.041826,0.277371,0.00389593,-0.0783011,0.00389593,0.00102101,0.00677085,All
0.186697,2.45403,0.186697,0.0489277,0.324467,0.00507143,-0.0772047,0.00507143,0.00132907,0.00881379,All
0.218397,2.4373,0.218397,0.0572353,0.379559,0.0066016,-0.0757632,0.0066016,0.00173008,0.0114731,All
0.25548,2.41772,0.25548,0.0669535,0.444006,0.00859347,-0.0738634,0.00859347,0.00225209,0.0149349,All
0.298858,2.45205,0.298858,0.0783217,0.519395,0.0111863,-0.0713518,0.0111863,0.0029316,0.0194411,All
0.349602,2.49973,0.349602,0.0916202,0.607584,0.0145615,-0.0680315,0.0145615,0.00381614,0.0253069,All
0.408962,2.55552,0.408962,0.107177,0.710748,0.0189551,-0.0636261,0.0189551,0.00496756,0.0329427,All
0.478401,2.62078,0.478401,0.125374,0.831428,0.0246744,-0.057806,0.0246744,0.0064664,0.0428823,All
0.55963,2.69711,0.55963,0.146662,0.972598,0.0321192,-0.0501435,0.0321192,0.00841748,0.055821,All
0.654651,2.78641,0.654651,0.171564,1.13774,0.0418104,-0.0401937,0.0418104,0.0109572,0.0726636,All
0.765807,2.89087,0.765807,0.200695,1.33092,0.0544256,-0.0276295,0.0544256,0.0142633,0.094588,All
0.895835,3.01307,0.895835,0.234771,1.5569,0.0708472,-0.0119892,0.0708472,0.0185669,0.123128,All
1.04794,3.15602,1.04794,0.274634,1.82125,0.0922236,0.00839791,0.0922236,0.024169,0.160278,All
1.22587,3.32323,1.22587,0.321265,2.13048,0.12005,0.0370626,0.12005,0.0314614,0.208638,All
1.43402,3.51884,1.43402,0.375813,2.49223,0.156272,0.0752498,0.156272,0.0409541,0.271589,All
1.67751,3.74766,1.67751,0.439624,2.91539,0.203423,0.119997,0.203423,0.053311,0.353535,All
1.96233,4.01534,1.96233,0.514269,3.4104,0.264801,0.175678,0.264801,0.0693963,0.460205,All
2.29552,4.60471,2.29552,0.601588,3.98946,0.344698,0.257441,0.344698,0.0903348,0.599061,All
2.68529,5.07123,2.68529,0.703733,4.66684,0.448702,0.364495,0.448702,0.117591,0.779812,All
3.14123,6.07091,3.14123,0.823222,5.45924,0.584086,0.482947,0.584086,0.153071,1.0151,All
3.22954,6.26454,3.22954,0.846366,5.61272,0.76032,0.635936,0.76032,0.199257,1.32138,All
3.67459,7.24033,3.67459,0.962999,6.38618,0.989727,0.860995,0.989727,0.259378,1.72008,All
4.29851,8.6083,4.29851,1.12651,7.47051,1.28835,1.16381,1.28835,0.337638,2.23907,All
5.02837,10.2086,5.02837,1.31778,8.73895,1.67708,1.5568,1.67708,0.439512,2.91465,All
5.88215,12.0805,5.88215,1.54153,10.2228,2.1831,2.09836,2.1831,0.572124,3.79407,All
6.3968,13.2089,6.3968,1.67641,11.1172,2.84179,2.7912,2.84179,0.744748,4.93884,All
6.88089,14.2703,6.88089,1.80327,11.9585,3.69923,3.54714,3.69923,0.969457,6.42901,All
8.04922,16.8319,8.04922,2.10946,13.989,4.81538,4.47674,4.81538,1.26197,8.3688,All
9.41592,11.1993,9.41592,2.46763,16.3642,6.26831,6.02049,6.26831,1.64273,10.8939,All
9.56406,12.1388,9.56406,2.50645,16.6217,8.15961,8.07388,8.15961,2.13839,14.1808,All
11.0147,14.4234,11.0147,2.88661,19.1427,8.52174,8.44327,8.52174,2.23329,14.8102,All
12.7313,16.1481,12.7313,3.33649,22.1262,10.6216,10.5405,10.6216,2.78359,18.4595,All
12.8849,16.3024,12.8849,3.37674,22.393,13.8264,13.9941,13.8264,3.62347,24.0293,All
15.0727,18.5005,15.0727,3.95009,26.1952,17.0427,17.7961,17.0427,4.46637,29.619,All
15.8986,19.3304,15.8986,4.16654,27.6306,17.9981,18.9633,17.9981,4.71676,31.2795,All
17.6319,21.0719,17.6319,4.62078,30.643,23.4286,25.4331,23.4286,6.13993,40.7173,All
19.0658,22.5126,19.0658,4.99658,33.1351,25.5636,27.8277,25.5636,6.69945,44.4278,All
20.6257,24.0798,20.6257,5.40536,35.8459,30.4976,32.2947,30.4976,7.9925,53.0027,All
22.2331,25.6949,22.2331,5.82662,38.6396,34.0846,35.0035,34.0846,8.93253,59.2366,All
24.1277,27.5985,24.1277,6.32315,41.9323,39.6995,39.1832,39.6995,10.404,68.995,All
25.4004,28.8771,25.4004,6.65667,44.1441,42.6055,41.5953,42.6055,11.1656,74.0454,All
28.2245,31.7146,28.2245,7.39678,49.0521,51.1264,50.0912,51.1264,13.3987,88.8542,All
28.5676,32.0594,28.5676,7.48671,49.6485,51.6778,50.683,51.6778,13.5432,89.8125,All
31.7349,35.2416,31.7349,8.31675,55.153,59.6474,59.061,59.6474,15.6318,103.663,All
33.0168,36.5296,33.0168,8.6527,57.3809,67.2703,66.0727,67.2703,17.6295,116.911,All
34.9021,38.3152,34.9021,9.1468,60.6575,68.1683,66.8505,68.1683,17.8649,118.472,All
38.0694,40.3961,38.0694,9.97684,66.162,76.6893,73.6148,76.6893,20.0979,133.281,All
38.6228,40.6587,38.6228,10.1219,67.1237,85.2102,79.8387,85.2102,22.331,148.089,All
41.2367,41.8835,41.2367,10.8069,71.6664,87.5675,81.5398,87.5675,22.9488,152.186,All
44.4039,43.7524,44.4039,11.6369,77.1709,93.7311,86.1318,93.7311,24.5641,162.898,All
45.1807,44.6153,45.1807,11.8405,78.5208,102.252,92.6647,102.252,26.7972,177.707,All
47.5712,47.271,47.5712,12.467,82.6754,110.773,100.203,110.773,29.0303,192.516,All
50.7384,50.7896,50.7384,13.297,88.1799,113.989,103.38,113.989,29.873,198.104,All
52.852,53.1377,52.852,13.8509,91.8531,119.294,108.929,119.294,31.2633,207.325,All
53.9057,54.3083,53.9057,14.1271,93.6843,127.815,118.334,127.815,33.4964,222.133,All
57.073,57.8269,57.073,14.9571,99.1888,136.336,127.866,136.336,35.7295,236.942,All
60.2402,61.3455,60.2402,15.7871,104.693,144.857,136.942,144.857,37.9626,251.751,All
61.8259,63.1071,61.8259,16.2027,107.449,148.382,140.581,148.382,38.8864,257.878,All
63.4075,64.8641,63.4075,16.6172,110.198,153.378,145.566,153.378,40.1957,266.56,All
66.5747,68.3827,66.5747,17.4472,115.702,161.899,153.693,161.899,42.4287,281.369,All
69.742,71.9014,69.742,18.2773,121.207,170.42,161.503,170.42,44.6618,296.177,All
72.3235,74.7693,72.3235,18.9538,125.693,178.941,169.027,178.941,46.8949,310.986,All
72.9093,75.42,72.9093,19.1073,126.711,187.461,176.417,187.461,49.128,325.795,All
76.0765,78.9386,76.0765,19.9374,132.216,193.153,181.313,193.153,50.6195,335.686,All
79.2438,82.4572,79.2438,20.7674,137.72,195.982,183.748,195.982,51.3611,340.604,All
82.411,85.9759,82.411,21.5974,143.225,204.503,191.121,204.503,53.5941,355.413,All
84.6035,88.4116,84.6035,22.172,147.035,213.024,198.584,213.024,55.8272,370.221,All
85.5783,89.4945,85.5783,22.4275,148.729,221.545,206.171,221.545,58.0603,385.03,All
88.7456,93.0131,88.7456,23.2575,154.234,230.066,213.912,230.066,60.2934,399.839,All
91.9128,96.5317,91.9128,24.0876,159.738,238.587,221.878,238.587,62.5265,414.648,All
95.0801,100.05,95.0801,24.9176,165.243,247.108,229.961,247.108,64.7595,429.457,All
98.2473,103.569,98.2473,25.7477,170.747,251.432,234.198,251.432,65.8926,436.97,All
98.9686,104.37,98.9686,25.9367,172.001,255.629,238.368,255.629,66.9926,444.265,All
101.415,107.088,101.415,26.5777,176.251,264.15,247.077,264.15,69.2257,459.074,All
104.582,110.606,104.582,27.4077,181.756,272.671,256.006,272.671,71.4588,473.883,All
107.749,114.125,107.749,28.2378,187.26,281.192,265.587,281.192,73.6919,488.692,All
110.916,117.643,110.916,29.0678,192.765,289.713,275.555,289.713,75.925,503.501,All
114.084,121.162,114.084,29.8979,198.269,298.234,285.524,298.234,78.158,518.309,All
115.773,123.039,115.773,30.3405,201.205,306.755,296.146,306.755,80.3911,533.118,All
117.251,124.681,117.251,30.7279,203.774,315.276,311.158,315.276,82.6242,547.927,All
120.418,128.199,120.418,31.558,209.278,323.796,326.169,323.796,84.8573,562.736,All
123.585,131.718,123.585,32.388,214.783,327.295,332.332,327.295,85.7741,568.815,All
126.753,135.237,126.753,33.218,220.287,332.317,341.181,332.317,87.0904,577.545,All
129.92,138.755,129.92,34.0481,225.792,340.838,356.192,340.838,89.3234,592.353,All
133.087,142.274,133.087,34.8781,231.296,349.359,371.204,349.359,91.5565,607.162,All
135.43,144.877,135.43,35.4922,235.368,357.88,386.215,357.88,93.7896,621.971,All
136.254,145.792,136.254,35.7082,236.801,366.401,401.227,366.401,96.0227,636.78,All
139.422,148.671,139.422,36.5382,242.305,374.922,416.238,374.922,98.2558,651.588,All
142.589,148.828,142.589,37.3683,247.81,383.443,431.25,383.443,100.489,666.397,All
145.756,148.984,145.756,38.1983,253.314,391.964,446.261,391.964,102.722,681.206,All
148.923,149.141,148.923,39.0283,258.819,400.485,461.272,400.485,104.955,696.015,All
152.091,149.298,152.091,39.8584,264.323,409.006,476.284,409.006,107.188,710.824,All
155.258,149.454,155.258,40.6884,269.828,417.527,491.295,417.527,109.421,725.632,All
158.425,148.509,158.425,41.5185,275.332,426.048,506.307,426.048,111.654,740.441,All
