popPred_spline_abscissa,popPred_spline,popPred_ci_abscissa,popPred_piLower,popPred_piUpper,indivPred_spline_abscissa,indivPred_spline,indivPred_ci_abscissa,indivPred_piLower,indivPred_piUpper,split
0.00082525,0.48763,0.00082525,-0.000394652,0.00204515,0.000172258,0.05762,0.000172258,-8.23775e-05,0.000426894,All
0.00103631,0.515669,0.00103631,-0.000495584,0.0025682,0.000229065,0.0579322,0.000229065,-0.000109544,0.000567674,All
0.00130135,0.55088,0.00130135,-0.000622331,0.00322502,0.000304605,0.0583446,0.000304605,-0.000145669,0.000754879,All
0.00163417,0.595096,0.00163417,-0.000781493,0.00404983,0.000405057,0.0588865,0.000405057,-0.000193707,0.00100382,All
0.00205211,0.643146,0.00205211,-0.00098136,0.00508558,0.000538636,0.0595943,0.000538636,-0.000257587,0.00133486,All
0.00257694,0.68916,0.00257694,-0.00123234,0.00638622,0.000716265,0.0605234,0.000716265,-0.000342533,0.00177506,All
0.00323599,0.732206,0.00323599,-0.00154752,0.0080195,0.000952473,0.0617265,0.000952473,-0.000455492,0.00236044,All
0.0040636,0.765163,0.0040636,-0.0019433,0.0100705,0.00126658,0.0632675,0.00126658,-0.000605703,0.00313885,All
0.00510287,0.776272,0.00510287,-0.0024403,0.012646,0.00168426,0.0652162,0.00168426,-0.000805449,0.00417397,All
0.00640794,0.754237,0.00640794,-0.00306441,0.0158803,0.00223969,0.0676395,0.00223969,-0.00107107,0.00555045,All
0.00804678,0.699723,0.00804678,-0.00384814,0.0199417,0.00297829,0.0705523,0.00297829,-0.00142428,0.00738086,All
0.0101048,0.6424,0.0101048,-0.0048323,0.0250418,0.00396046,0.0738974,0.00396046,-0.00189398,0.0098149,All
0.0126891,0.650265,0.0126891,-0.00606817,0.0314463,0.00526653,0.077438,0.00526653,-0.00251856,0.0130516,All
0.0159343,0.792621,0.0159343,-0.00762011,0.0394887,0.00700331,0.0806392,0.00700331,-0.00334913,0.0173557,All
0.0200095,0.832022,0.0200095,-0.00956897,0.049588,0.00931284,0.0825169,0.00931284,-0.00445359,0.0230793,All
0.025127,0.642908,0.025127,-0.0120162,0.0622702,0.012384,0.0816285,0.012384,-0.00592228,0.0306903,All
0.0315532,1.38382,0.0315532,-0.0150894,0.0781959,0.0164679,0.0765098,0.0164679,-0.00787531,0.0408112,All
0.039623,1.20713,0.039623,-0.0189485,0.0981946,0.0218987,0.067262,0.0218987,-0.0104724,0.0542698,All
0.0497567,0.909757,0.0497567,-0.0237947,0.123308,0.0291204,0.0596634,0.0291204,-0.013926,0.0721667,All
0.062482,1.1562,0.062482,-0.0298802,0.154844,0.0387236,0.067166,0.0387236,-0.0185184,0.0959656,All
0.0784619,1.43473,0.0784619,-0.0375221,0.194446,0.0514937,0.0984573,0.0514937,-0.0246254,0.127613,All
0.0985286,1.64723,0.0985286,-0.0471184,0.244176,0.0684752,0.159562,0.0684752,-0.0327462,0.169697,All
0.123727,1.7494,0.123727,-0.059169,0.306624,0.0910567,0.228203,0.0910567,-0.0435452,0.225658,All
0.155371,1.80039,0.155371,-0.0743015,0.385043,0.121085,0.266268,0.121085,-0.0579054,0.300075,All
0.195107,1.78055,0.195107,-0.0933042,0.483518,0.161016,0.246816,0.161016,-0.0770012,0.399033,All
0.245006,1.75062,0.245006,-0.117167,0.607179,0.214115,0.175205,0.214115,-0.102394,0.530625,All
0.307667,1.72724,0.307667,-0.147133,0.762466,0.284726,0.110162,0.284726,-0.136162,0.705613,All
0.386353,1.71238,0.386353,-0.184762,0.957467,0.378621,0.12511,0.378621,-0.181065,0.938308,All
0.485163,1.7195,0.485163,-0.232015,1.20234,0.503482,0.306835,0.503482,-0.240775,1.24774,All
0.609244,1.7596,0.609244,-0.291353,1.50984,0.669519,0.695438,0.669519,-0.320178,1.65921,All
0.765059,1.85148,0.765059,-0.365867,1.89599,0.89031,1.22966,0.89031,-0.425765,2.20639,All
0.960724,1.99964,0.960724,-0.459438,2.38089,1.18391,1.49156,1.18391,-0.566172,2.934,All
1.20643,2.22111,1.20643,-0.57694,2.9898,1.57434,1.17977,1.57434,-0.752882,3.90156,All
1.45559,2.4917,1.45559,-0.696093,3.60727,2.09352,0.687281,2.09352,-1.00117,5.18821,All
1.51498,2.55701,1.51498,-0.724493,3.75445,2.78392,1.00206,2.78392,-1.33133,6.89916,All
1.90243,3.02438,1.90243,-0.909783,4.71465,3.70199,2.54153,3.70199,-1.77037,9.17434,All
2.38898,3.7187,2.38898,-1.14246,5.92043,4.92282,4.95075,4.92282,-2.35419,12.1998,All
2.91036,4.57194,2.91036,-1.39179,7.2125,5.32303,5.69851,5.32303,-2.54558,13.1917,All
2.99997,4.72807,2.99997,-1.43465,7.43459,6.54625,7.80404,6.54625,-3.13055,16.223,All
3.76722,6.16628,3.76722,-1.80156,9.33599,8.70504,11.1676,8.70504,-4.16293,21.573,All
4.36512,7.39351,4.36512,-2.08749,10.8177,10.6459,13.7117,10.6459,-5.09109,26.3829,All
4.73069,8.17355,4.73069,-2.26231,11.7237,11.5758,14.67,11.5758,-5.53577,28.6873,All
5.81989,10.581,5.81989,-2.78319,14.423,15.3932,18.2892,15.3932,-7.36134,38.1477,All
5.94057,10.8511,5.94057,-2.8409,14.722,15.9688,18.6953,15.9688,-7.63659,39.5741,All
7.27465,13.7981,7.27465,-3.47889,18.0282,20.4695,21.2519,20.4695,-9.78893,50.7279,All
7.45987,14.2011,7.45987,-3.56746,18.4872,21.2916,21.6042,21.2916,-10.1821,52.7653,All
8.72942,16.8928,8.72942,-4.17459,21.6334,26.6145,23.3246,26.6145,-12.7276,65.9566,All
9.36775,18.2081,9.36775,-4.47985,23.2153,27.2199,23.5063,27.2199,-13.0171,67.4568,All
10.1842,19.8819,10.1842,-4.87029,25.2386,31.9373,24.945,31.9373,-15.2731,79.1478,All
11.6389,22.6995,11.6389,-5.56598,28.8439,36.1963,26.8283,36.1963,-17.3098,89.7025,All
11.7636,22.9274,11.7636,-5.62558,29.1527,37.2602,27.2988,37.2602,-17.8186,92.339,All
13.0937,25.3602,13.0937,-6.26168,32.4491,42.5831,29.6525,42.5831,-20.3641,105.53,All
14.5485,28.021,14.5485,-6.95738,36.0543,47.9059,32.7791,47.9059,-22.9096,118.721,All
14.7721,28.43,14.7721,-7.06432,36.6085,48.133,32.9365,48.133,-23.0182,119.284,All
16.0032,30.6817,16.0032,-7.65308,39.6596,53.2288,36.4686,53.2288,-25.4551,131.913,All
17.458,33.1813,17.458,-8.34878,43.2648,58.5516,40.6963,58.5516,-28.0006,145.104,All
18.5501,34.9435,18.5501,-8.87103,45.9712,63.8745,45.2896,63.8745,-30.5461,158.295,All
18.9128,35.5287,18.9128,-9.04448,46.87,64.0062,45.4032,64.0062,-30.6091,158.621,All
20.3675,37.8762,20.3675,-9.74018,50.4753,69.1974,50.3122,69.1974,-33.0916,171.486,All
21.8223,40.136,21.8223,-10.4359,54.0805,74.5202,55.9027,74.5202,-35.6371,184.678,All
23.2771,42.0595,23.2771,-11.1316,57.6857,79.8431,61.4931,79.8431,-38.1826,197.869,All
23.2943,42.0822,23.2943,-11.1398,57.7284,85.1139,67.0895,85.1139,-40.7032,210.931,All
24.7318,43.9829,24.7318,-11.8273,61.2909,85.166,67.1498,85.166,-40.7281,211.06,All
26.1866,45.9063,26.1866,-12.523,64.8962,90.4888,73.4386,90.4888,-43.2736,224.251,All
27.6414,47.8297,27.6414,-13.2187,68.5014,95.8117,79.8913,95.8117,-45.8191,237.442,All
29.0961,49.7531,29.0961,-13.9144,72.1066,101.135,84.8984,101.135,-48.3646,250.634,All
29.2518,49.959,29.2518,-13.9888,72.4925,106.457,89.5776,106.457,-50.9101,263.825,All
30.5509,51.6766,30.5509,-14.6101,75.7119,111.78,94.2567,111.78,-53.4556,277.016,All
32.0057,53.6,32.0057,-15.3058,79.3171,113.183,95.4893,113.183,-54.1262,280.491,All
33.4604,55.5234,33.4604,-16.0015,82.9223,117.103,98.9358,117.103,-56.0011,290.207,All
34.9152,57.4468,34.9152,-16.6972,86.5275,122.426,103.615,122.426,-58.5466,303.399,All
36.37,59.3702,36.37,-17.3929,90.1328,127.749,108.294,127.749,-61.0921,316.59,All
36.733,59.8503,36.733,-17.5665,91.0326,133.072,112.973,133.072,-63.6376,329.781,All
37.8247,61.2937,37.8247,-18.0886,93.738,138.395,117.652,138.395,-66.1831,342.972,All
39.2795,63.2171,39.2795,-18.7843,97.3432,143.717,122.331,143.717,-68.7286,356.164,All
40.7343,65.1405,40.7343,-19.48,100.948,149.04,127.011,149.04,-71.2741,369.355,All
42.189,66.9965,42.189,-20.1757,104.554,150.507,128.3,150.507,-71.9758,372.991,All
43.6438,68.8078,43.6438,-20.8714,108.159,154.363,131.69,154.363,-73.8196,382.546,All
45.0985,70.6191,45.0985,-21.5671,111.764,159.686,136.369,159.686,-76.3651,395.737,All
46.1276,71.9067,46.1276,-22.0592,114.314,165.009,141.048,165.009,-78.9106,408.928,All
46.5533,72.5031,46.5533,-22.2628,115.369,170.332,145.727,170.332,-81.4561,422.12,All
48.0081,74.5409,48.0081,-22.9585,118.975,175.655,150.406,175.655,-84.0016,435.311,All
49.4628,76.5787,49.4628,-23.6542,122.58,180.977,155.085,180.977,-86.5472,448.502,All
50.9176,78.6165,50.9176,-24.3498,126.185,186.3,159.764,186.3,-89.0927,461.693,All
52.3724,80.6543,52.3724,-25.0455,129.79,191.623,164.444,191.623,-91.6382,474.885,All
53.8271,82.6921,53.8271,-25.7412,133.396,196.946,169.123,196.946,-94.1837,488.076,All
55.2819,84.7299,55.2819,-26.4369,137.001,200.141,171.932,200.141,-95.7117,495.994,All
56.7367,86.7677,56.7367,-27.1326,140.606,202.269,173.802,202.269,-96.7292,501.267,All
57.9248,88.432,57.9248,-27.7008,143.55,207.592,178.481,207.592,-99.2747,514.458,All
58.1914,88.8055,58.1914,-27.8283,144.211,212.915,183.16,212.915,-101.82,527.649,All
59.6462,90.8434,59.6462,-28.524,147.816,218.237,187.839,218.237,-104.366,540.841,All
61.101,93.3585,61.101,-29.2197,151.422,223.56,192.518,223.56,-106.911,554.032,All
62.5557,96.0792,62.5557,-29.9154,155.027,228.883,197.197,228.883,-109.457,567.223,All
64.0105,98.7998,64.0105,-30.6111,158.632,234.206,201.877,234.206,-112.002,580.414,All
65.4653,101.52,65.4653,-31.3068,162.237,239.529,206.556,239.529,-114.548,593.606,All
66.92,104.241,66.92,-32.0025,165.843,244.852,207.16,244.852,-117.093,606.797,All
68.3748,106.962,68.3748,-32.6982,169.448,250.175,203.331,250.175,-119.639,619.988,All
69.8296,109.682,69.8296,-33.3939,173.053,255.498,199.503,255.498,-122.184,633.179,All
71.2843,112.403,71.2843,-34.0896,176.658,260.82,195.674,260.82,-124.73,646.37,All
72.7391,115.124,72.7391,-34.7853,180.264,266.143,191.846,266.143,-127.275,659.562,All
