iteration,convergenceIndicator,phase,Kcp_pop,Ke_pop,Kpc_pop,Vc_pop,b,omega_Kcp,omega_Ke,omega_Kpc,omega_Vc
1,1467.05,1,0.05,10,0.05,10,0.3,0.5,0.5,0.5,0.5
2,-364.269,1,0.118083,1.81017,0.0824095,3.04236,0.75884,1.10171,0.591442,0.81824,0.999499
3,-555.116,1,0.103366,1.80982,0.0802549,4.05615,0.889799,1.19408,0.5918,0.841153,1.09665
4,-588.815,1,0.0903406,1.79495,0.0754047,4.20202,0.942804,1.24688,0.602032,0.913263,1.14626
5,-613.024,1,0.0818317,1.77403,0.07521,4.35503,0.977498,1.34745,0.628278,0.89415,1.11723
6,-651.219,1,0.0723407,1.67893,0.0735385,4.82411,1.01285,1.34141,0.615935,0.89299,1.08894
7,-660.826,1,0.066345,1.61858,0.0709994,5.08145,1.01399,1.34872,0.607142,0.907786,1.06137
8,-676.491,1,0.0616348,1.56856,0.0693148,5.23524,1.00661,1.34923,0.610561,0.921308,1.03528
9,-699.321,1,0.0532162,1.50875,0.0662997,5.48432,0.991462,1.39722,0.603661,0.89798,1.03596
10,-740.815,1,0.0412377,1.41887,0.0652787,5.53479,0.982307,1.50231,0.588376,0.896812,1.04507
11,-768.263,1,0.0376525,1.33393,0.0647566,6.16138,0.995431,1.51056,0.573478,0.935681,1.0186
12,-771.654,1,0.035805,1.29767,0.061798,6.57294,1.00848,1.49474,0.558957,0.945937,0.992813
13,-796.625,1,0.0350348,1.26093,0.0643304,6.72817,0.958052,1.45689,0.544804,0.958502,1.01877
14,-804.634,1,0.0325153,1.26058,0.0630993,6.75094,0.964997,1.55465,0.545256,0.951758,1.09865
15,-819.171,1,0.0291219,1.19138,0.05816,7.01167,0.935077,1.53689,0.53145,1.01594,1.12997
16,-846.042,1,0.0250798,1.1255,0.0535715,8.0674,0.927569,1.63435,0.517993,0.990214,1.15818
17,-841.42,1,0.024782,1.11211,0.054151,8.02717,0.914282,1.63492,0.504877,0.965142,1.15987
18,-854.191,1,0.0230925,1.0972,0.0501385,8.28189,0.944223,1.65463,0.511052,0.949761,1.211
19,-869.76,1,0.0224304,1.11549,0.0479668,7.72741,0.922723,1.75854,0.508577,1.0163,1.18034
20,-870.803,1,0.0221696,1.10824,0.0485407,7.78357,0.918728,1.71401,0.498395,1.00401,1.15045
21,-870.926,1,0.0218547,1.09555,0.0473299,8.08743,0.931166,1.70673,0.508386,1.02398,1.12522
22,-876.187,1,0.0226614,1.09929,0.0453899,7.91309,0.933832,1.69116,0.495513,1.08148,1.17656
23,-889.572,1,0.0224281,1.10584,0.0463008,7.97036,0.912926,1.7029,0.482967,1.07154,1.1673
24,-883.128,1,0.0215542,1.1031,0.0448741,8.14583,0.948478,1.722,0.470738,1.07144,1.18047
25,-883.534,1,0.0202216,1.06234,0.0425241,8.40886,0.914626,1.74171,0.476039,1.05035,1.15253
26,-888.785,1,0.0190408,1.03385,0.0398308,8.35576,0.889235,1.72438,0.477547,1.07643,1.15653
27,-874.16,1,0.020103,1.04822,0.0405392,8.53632,0.9024,1.77264,0.493648,1.04917,1.18326
28,-878.242,1,0.0209228,1.03803,0.0393664,8.86248,0.909619,1.78228,0.515925,1.14082,1.1533
29,-877.667,1,0.0192431,1.04175,0.0379765,8.76127,0.967213,1.79551,0.513941,1.14942,1.1241
30,-877.021,1,0.0191951,1.01442,0.0373555,8.94667,0.954871,1.75005,0.523771,1.15758,1.09564
31,-878.637,1,0.0190357,0.994703,0.0359295,9.42553,0.954656,1.72422,0.547918,1.19978,1.095
32,-874.712,1,0.0191881,1.00104,0.0377533,9.29874,0.939534,1.72884,0.548096,1.18181,1.1062
33,-883.589,1,0.0176294,0.998723,0.0407034,8.52993,0.898399,1.73918,0.543803,1.15895,1.14116
34,-885.822,1,0.0169209,0.982634,0.0396861,8.5932,0.927844,1.69514,0.530034,1.20801,1.11226
35,-885.883,1,0.016363,0.999929,0.0396173,8.37849,0.975574,1.69537,0.516613,1.18289,1.11626
36,-895.373,1,0.0161805,0.987667,0.041133,8.48845,0.926795,1.70093,0.503532,1.15294,1.13641
37,-895.864,1,0.0160087,0.992889,0.0377996,8.05123,0.915054,1.72175,0.490783,1.15488,1.10764
38,-895.309,1,0.0181521,0.962777,0.0336104,9.2065,0.897029,1.67815,0.49312,1.20097,1.09636
39,-895.022,1,0.0182599,0.923765,0.0315278,9.89571,0.899763,1.63566,0.496513,1.23968,1.11555
40,-900.838,1,0.0178477,0.921259,0.0329634,9.79359,0.880481,1.64226,0.515934,1.24462,1.08731
41,-908.285,1,0.0180713,0.936097,0.0332579,9.67902,0.855944,1.68079,0.514879,1.21506,1.05977
42,-900.469,1,0.0176244,0.928347,0.0324339,9.81653,0.872831,1.65478,0.527276,1.21413,1.06018
43,-906.604,1,0.0178475,0.934804,0.0308456,10.2528,0.908752,1.65219,0.517313,1.21182,1.03334
44,-890.61,1,0.017494,0.914766,0.0305389,10.2929,0.916481,1.61036,0.517297,1.21817,1.01632
45,-899.627,1,0.0179547,0.910528,0.0294643,10.2341,0.910525,1.58726,0.521847,1.3098,1.02169
46,-898.745,1,0.0175358,0.897822,0.030012,10.7212,0.895602,1.59049,0.524175,1.30381,1.02102
47,-898.728,1,0.0170461,0.889513,0.0298331,10.5582,0.898383,1.55174,0.510902,1.28738,1.02742
48,-890.257,1,0.0177946,0.888215,0.0293604,11.1421,0.92873,1.52992,0.504276,1.34589,1.07814
49,-898.146,1,0.0173632,0.882842,0.0296266,11.2177,0.944516,1.55849,0.521833,1.38783,1.07297
50,-890.247,2,0.0173037,0.858226,0.029069,11.5615,0.921834,1.62266,0.50862,1.37623,1.07553
51,-904.201,2,0.0170509,0.866905,0.0290224,12.2424,0.926567,1.68098,0.525409,1.34138,1.11003
52,-906.75,2,0.0175216,0.848821,0.0296549,12.8652,0.932113,1.66377,0.524399,1.35395,1.13165
53,-914.049,2,0.0175833,0.842709,0.0290021,13.0341,0.912568,1.6753,0.526671,1.34765,1.1417
54,-897.408,2,0.017747,0.839583,0.0294398,13.0952,0.88949,1.69985,0.522392,1.3312,1.16242
55,-914.367,2,0.0180635,0.847055,0.03112,12.8761,0.88832,1.70806,0.519826,1.35194,1.14475
56,-910.657,2,0.0176184,0.841935,0.0307004,12.8939,0.899437,1.71693,0.512535,1.36368,1.14875
57,-904.042,2,0.0173455,0.834891,0.0308543,13.0325,0.901575,1.70388,0.516076,1.32165,1.15618
58,-908.462,2,0.0169129,0.823292,0.028723,13.1983,0.905209,1.73937,0.518387,1.3543,1.14085
59,-908.338,2,0.0173858,0.829656,0.027729,12.9589,0.898034,1.70392,0.521,1.3692,1.12338
60,-920.68,2,0.0177033,0.823475,0.0263154,13.3899,0.887419,1.67529,0.515389,1.37482,1.13051
61,-909.106,2,0.0180876,0.8221,0.0257038,13.1177,0.872505,1.68306,0.507304,1.39398,1.12114
62,-921.749,2,0.0183363,0.828017,0.0255288,13.1888,0.876596,1.68461,0.504553,1.42023,1.1202
63,-904.249,2,0.0183452,0.827002,0.0256909,13.2698,0.889937,1.68009,0.504281,1.4169,1.1192
64,-904.409,2,0.0182108,0.823223,0.0258942,13.3636,0.887119,1.68049,0.507564,1.40242,1.11643
65,-918.72,2,0.0181588,0.823667,0.0261625,13.5535,0.893316,1.67832,0.515087,1.38763,1.1167
66,-911.905,2,0.0181209,0.818762,0.0259998,13.7153,0.893015,1.66825,0.514284,1.36436,1.12506
67,-900.324,2,0.0180094,0.81782,0.0258771,13.7545,0.893128,1.67522,0.515658,1.34929,1.13999
68,-908.241,2,0.0181343,0.819243,0.0256908,13.7809,0.89842,1.67689,0.511004,1.34115,1.14975
69,-908.101,2,0.0181042,0.819161,0.0256072,13.7665,0.899153,1.69353,0.506912,1.33888,1.15888
70,-913.402,2,0.0181881,0.820055,0.0256496,13.7629,0.89834,1.69854,0.504828,1.33944,1.16313
71,-910.738,2,0.0182083,0.820136,0.0257028,13.75,0.898694,1.70013,0.504561,1.33903,1.16389
