Vc_abscissa,Vc_pdf,Vc_cdf,Ke_abscissa,Ke_pdf,Ke_cdf,Kpc_abscissa,Kpc_pdf,Kpc_cdf,Kcp_abscissa,Kcp_pdf,Kcp_cdf,split
1.65847,0.00835412,0.00203901,0.0147202,0.307751,0.000437843,0.000814601,37.762,0.00705069,1.033e-05,1131.11,0.0075361,All
1.88485,0.0155825,0.00469776,0.0160676,0.632709,0.00105177,0.000994572,63.5118,0.0161139,0.000261033,710.189,0.268892,All
2.11122,0.0254226,0.00929205,0.017415,1.16027,0.00223403,0.00117454,90.8823,0.0300067,0.000511736,425.765,0.405953,All
2.3376,0.0375124,0.0163783,0.0187625,1.93833,0.00429132,0.00135451,117.044,0.0487515,0.000762439,293.944,0.494431,All
2.56398,0.0512294,0.0263989,0.0201099,2.99796,0.00758441,0.00153448,140.177,0.071952,0.00101314,218.891,0.557945,All
2.79035,0.0658274,0.0396389,0.0214574,4.34742,0.012501,0.00171445,159.347,0.0989677,0.00126384,170.998,0.606413,All
3.01673,0.0805555,0.0562119,0.0228048,5.97013,0.0194233,0.00189442,174.266,0.129052,0.00151455,138.114,0.644923,All
3.2431,0.0947419,0.0760692,0.0241522,7.82655,0.0286951,0.00207439,185.06,0.161445,0.00176525,114.344,0.676419,All
3.46948,0.107842,0.099024,0.0254997,9.85895,0.0405941,0.00225436,192.091,0.195436,0.00201595,96.494,0.702747,All
3.69585,0.119456,0.124782,0.0268471,11.9977,0.0553116,0.00243433,195.836,0.230389,0.00226666,82.6855,0.725137,All
3.92223,0.129325,0.152976,0.0281946,14.1681,0.0729407,0.0026143,196.804,0.265759,0.00251736,71.7471,0.744445,All
4.1486,0.137319,0.183192,0.029542,16.2966,0.0934741,0.00279427,195.492,0.30109,0.00276806,62.9121,0.761287,All
4.37498,0.143412,0.215003,0.0308895,18.3157,0.116809,0.00297424,192.355,0.336015,0.00301877,55.6591,0.776121,All
4.60135,0.147658,0.247983,0.0322369,20.1678,0.142757,0.00315421,187.797,0.370241,0.00326947,49.622,0.789296,All
4.82773,0.15017,0.281724,0.0335843,21.8072,0.171063,0.00333418,182.164,0.403546,0.00352017,44.5369,0.801081,All
5.0541,0.151101,0.315853,0.0349318,23.201,0.201415,0.00351415,175.752,0.435763,0.00377087,40.2091,0.81169,All
5.28048,0.150627,0.350029,0.0362792,24.3289,0.233467,0.00369412,168.803,0.466774,0.00402158,36.4923,0.821293,All
5.50685,0.148932,0.383957,0.0376267,25.1825,0.266855,0.00387409,161.515,0.496502,0.00427228,33.2742,0.830029,All
5.73323,0.146202,0.41738,0.0389741,25.7631,0.301208,0.00405406,154.05,0.524899,0.00452298,30.4678,0.838011,All
5.9596,0.142616,0.450085,0.0403215,26.0806,0.336165,0.00423403,146.536,0.551948,0.00477369,28.0047,0.845335,All
6.18598,0.138339,0.481897,0.041669,26.1516,0.371382,0.004414,139.071,0.577647,0.00502439,25.83,0.852077,All
6.41235,0.133526,0.512678,0.0430164,25.9971,0.406539,0.00459397,131.733,0.602013,0.00527509,23.8999,0.858306,All
6.63873,0.128311,0.542321,0.0443639,25.6415,0.44135,0.00477395,124.58,0.625074,0.0055258,22.1784,0.864078,All
6.8651,0.122815,0.57075,0.0457113,25.1108,0.475561,0.00495392,117.655,0.646868,0.0057765,20.6361,0.869442,All
7.09148,0.117143,0.597912,0.0470587,24.4315,0.508954,0.00513389,110.986,0.667438,0.0060272,19.2488,0.874438,All
7.31785,0.111382,0.623779,0.0484062,23.6297,0.541346,0.00531386,104.595,0.686833,0.0062779,17.9962,0.879104,All
7.54423,0.105607,0.648339,0.0497536,22.7303,0.57259,0.00549383,98.4936,0.705103,0.00652861,16.8611,0.883471,All
7.7706,0.0998795,0.671597,0.0511011,21.7566,0.602568,0.0056738,92.6864,0.722302,0.00677931,15.8292,0.887567,All
7.99698,0.0942499,0.693567,0.0524485,20.7297,0.631197,0.00585377,87.1745,0.738483,0.00703001,14.8883,0.891416,All
8.22335,0.0887577,0.714279,0.0537959,19.6688,0.658417,0.00603374,81.9548,0.753697,0.00728072,14.0278,0.895039,All
8.44973,0.0834338,0.733765,0.0551434,18.5904,0.684194,0.00621371,77.0212,0.767999,0.00753142,13.2389,0.898455,All
8.67611,0.0783013,0.752068,0.0564908,17.509,0.708515,0.00639368,72.3657,0.781437,0.00778212,12.5138,0.901682,All
8.90248,0.0733771,0.769232,0.0578383,16.4369,0.731383,0.00657365,67.9785,0.794062,0.00803283,11.8457,0.904735,All
9.12886,0.0686723,0.785306,0.0591857,15.3841,0.752819,0.00675362,63.8489,0.805921,0.00828353,11.2288,0.907626,All
9.35523,0.0641935,0.80034,0.0605331,14.3589,0.772854,0.00693359,59.9657,0.817059,0.00853423,10.6579,0.910369,All
9.58161,0.0599435,0.814387,0.0618806,13.3679,0.79153,0.00711356,56.317,0.827519,0.00878493,10.1287,0.912974,All
9.80798,0.055922,0.827497,0.063228,12.4159,0.808896,0.00729353,52.891,0.837343,0.00903564,9.63712,0.91545,All
10.0344,0.0521263,0.839723,0.0645755,11.5067,0.825009,0.0074735,49.6759,0.846569,0.00928634,9.17968,0.917809,All
10.2607,0.0485517,0.851114,0.0659229,10.6426,0.839926,0.00765347,46.66,0.855235,0.00953704,8.7533,0.920056,All
10.4871,0.0451919,0.861721,0.0672703,9.82516,0.85371,0.00783344,43.8322,0.863375,0.00978775,8.35523,0.9222,All
10.7135,0.0420396,0.87159,0.0686178,9.05494,0.866425,0.00801341,41.1813,0.871023,0.0100384,7.98303,0.924247,All
10.9399,0.0390867,0.880769,0.0699652,8.33188,0.878133,0.00819338,38.6968,0.878208,0.0102892,7.6345,0.926205,All
11.1662,0.0363243,0.889301,0.0713127,7.65533,0.888899,0.00837335,36.3687,0.884961,0.0105399,7.30768,0.928077,All
11.3926,0.0337435,0.897229,0.0726601,7.02419,0.898784,0.00855332,34.1874,0.891307,0.0107906,7.00082,0.92987,All
11.619,0.031335,0.904592,0.0740075,6.43703,0.907848,0.00873329,32.1436,0.897274,0.0110413,6.71232,0.931589,All
11.8454,0.0290896,0.911428,0.075355,5.89215,0.91615,0.00891326,30.2287,0.902885,0.011292,6.44076,0.933237,All
12.0717,0.026998,0.917773,0.0767024,5.38764,0.923745,0.00909323,28.4346,0.908162,0.0115427,6.18485,0.93482,All
12.2981,0.0250513,0.923662,0.0780499,4.92149,0.930686,0.0092732,26.7535,0.913126,0.0117934,5.9434,0.93634,All
12.5245,0.0232407,0.929126,0.0793973,4.49159,0.937024,0.00945317,25.1782,0.917798,0.0120441,5.71535,0.937801,All
12.7509,0.0215577,0.934194,0.0807447,4.09583,0.942806,0.00963314,23.7018,0.922195,0.0122948,5.49975,0.939206,All
12.9772,0.0199943,0.938895,0.0820922,3.73206,0.948076,0.00981311,22.318,0.926335,0.0125455,5.2957,0.940559,All
13.2036,0.0185426,0.943255,0.0834396,3.39821,0.952877,0.00999308,21.0207,0.930233,0.0127962,5.1024,0.941863,All
13.43,0.0171952,0.947298,0.0847871,3.09221,0.957246,0.0101731,19.8043,0.933906,0.0130469,4.91911,0.943119,All
13.6564,0.0159451,0.951047,0.0861345,2.81209,0.961222,0.010353,18.6636,0.937366,0.0132976,4.74516,0.94433,All
13.8827,0.0147857,0.954524,0.0874819,2.55596,0.964836,0.010533,17.5936,0.940628,0.0135483,4.57993,0.945499,All
14.1091,0.0137106,0.957748,0.0888294,2.322,0.968119,0.010713,16.5897,0.943703,0.013799,4.42286,0.946627,All
14.3355,0.012714,0.960737,0.0901768,2.10851,0.971102,0.0108929,15.6477,0.946603,0.0140497,4.27341,0.947717,All
14.5619,0.0117904,0.96351,0.0915243,1.91385,0.97381,0.0110729,14.7634,0.949339,0.0143004,4.13112,0.94877,All
14.7882,0.0109344,0.966081,0.0928717,1.73652,0.976268,0.0112529,13.9332,0.95192,0.0145511,3.99553,0.949789,All
15.0146,0.0101414,0.968465,0.0942191,1.5751,0.978497,0.0114328,13.1535,0.954357,0.0148018,3.86624,0.950774,All
15.241,0.00940666,0.970677,0.0955666,1.42824,0.980519,0.0116128,12.4212,0.956657,0.0150525,3.74286,0.951728,All
15.4674,0.00872603,0.972728,0.096914,1.29473,0.982352,0.0117928,11.733,0.95883,0.0153032,3.62504,0.952651,All
15.6937,0.00809554,0.974631,0.0982615,1.17342,0.984013,0.0119728,11.0863,0.960883,0.0155539,3.51246,0.953546,All
15.9201,0.00751152,0.976397,0.0996089,1.06325,0.985519,0.0121527,10.4783,0.962823,0.0158046,3.40482,0.954413,All
16.1465,0.00697055,0.978035,0.100956,0.963239,0.986883,0.0123327,9.90651,0.964657,0.0160553,3.30184,0.955254,All
16.3729,0.00646945,0.979556,0.102304,0.872499,0.988119,0.0125127,9.36869,0.966391,0.016306,3.20325,0.956069,All
16.5992,0.00600527,0.980967,0.103651,0.790198,0.989238,0.0126926,8.86266,0.968031,0.0165567,3.10881,0.95686,All
16.8256,0.00557526,0.982277,0.104999,0.715577,0.990252,0.0128726,8.38639,0.969583,0.0168074,3.01829,0.957628,All
17.052,0.0051769,0.983494,0.106346,0.647942,0.99117,0.0130526,7.93801,0.971051,0.0170581,2.93149,0.958374,All
17.2784,0.00480781,0.984623,0.107694,0.586655,0.992001,0.0132325,7.51577,0.972441,0.0173088,2.84821,0.959098,All
17.5047,0.00446583,0.985672,0.109041,0.531134,0.992754,0.0134125,7.11803,0.973758,0.0175595,2.76825,0.959802,All
17.7311,0.00414893,0.986647,0.110388,0.480849,0.993435,0.0135925,6.74326,0.975005,0.0178102,2.69146,0.960486,All
17.9575,0.00385524,0.987552,0.111736,0.435314,0.994051,0.0137725,6.39002,0.976186,0.0180609,2.61766,0.961152,All
18.1839,0.00358302,0.988394,0.113083,0.394088,0.99461,0.0139524,6.05699,0.977306,0.0183116,2.54671,0.961799,All
18.4102,0.00333068,0.989176,0.114431,0.356768,0.995115,0.0141324,5.74293,0.978368,0.0185623,2.47846,0.962429,All
18.6366,0.00309672,0.989903,0.115778,0.322988,0.995573,0.0143124,5.44665,0.979374,0.0188131,2.41278,0.963042,All
18.863,0.00287979,0.99058,0.117126,0.292416,0.995987,0.0144923,5.16709,0.980329,0.0190638,2.34955,0.963639,All
19.0894,0.0026786,0.991208,0.118473,0.264749,0.996362,0.0146723,4.90321,0.981235,0.0193145,2.28864,0.96422,All
19.3157,0.00249199,0.991793,0.119821,0.239714,0.996702,0.0148523,4.65407,0.982095,0.0195652,2.22995,0.964787,All
19.5421,0.00231887,0.992338,0.121168,0.21706,0.997009,0.0150322,4.41878,0.982911,0.0198159,2.17337,0.965339,All
19.7685,0.00215824,0.992844,0.122515,0.196562,0.997288,0.0152122,4.1965,0.983686,0.0200666,2.11881,0.965877,All
19.9949,0.00200917,0.993316,0.123863,0.178014,0.99754,0.0153922,3.98646,0.984422,0.0203173,2.06616,0.966401,All
20.2212,0.00187081,0.993755,0.12521,0.161233,0.997768,0.0155722,3.78793,0.985122,0.020568,2.01535,0.966913,All
20.4476,0.00174235,0.994163,0.126558,0.146048,0.997975,0.0157521,3.60022,0.985786,0.0208187,1.96629,0.967412,All
20.674,0.00162308,0.994544,0.127905,0.132308,0.998162,0.0159321,3.42269,0.986418,0.0210694,1.91891,0.967899,All
20.9004,0.00151231,0.994899,0.129253,0.119874,0.998332,0.0161121,3.25476,0.987019,0.0213201,1.87312,0.968374,All
21.1267,0.00140941,0.995229,0.1306,0.108623,0.998486,0.016292,3.09584,0.98759,0.0215708,1.82886,0.968838,All
21.3531,0.00131381,0.995538,0.131947,0.0984407,0.998625,0.016472,2.94543,0.988134,0.0218215,1.78607,0.969291,All
21.5795,0.00122497,0.995825,0.133295,0.0892252,0.998752,0.016652,2.80302,0.988651,0.0220722,1.74467,0.969734,All
21.8059,0.00114239,0.996093,0.134642,0.080884,0.998866,0.0168319,2.66816,0.989143,0.0223229,1.70462,0.970166,All
22.0322,0.00106562,0.996342,0.13599,0.0733335,0.99897,0.0170119,2.5404,0.989612,0.0225736,1.66586,0.970589,All
22.2586,0.000994238,0.996576,0.137337,0.0664981,0.999064,0.0171919,2.41935,0.990058,0.0228243,1.62832,0.971002,All
22.485,0.000927847,0.996793,0.138685,0.0603095,0.99915,0.0173719,2.30463,0.990483,0.023075,1.59197,0.971405,All
22.7114,0.000866085,0.996996,0.140032,0.0547057,0.999227,0.0175518,2.19586,0.990888,0.0233257,1.55675,0.9718,All
22.9377,0.000808619,0.997185,0.14138,0.049631,0.999297,0.0177318,2.09272,0.991274,0.0235764,1.52262,0.972186,All
23.1641,0.000755138,0.997362,0.142727,0.0450348,0.999361,0.0179118,1.99489,0.991641,0.0238271,1.48954,0.972563,All
23.3905,0.000705354,0.997528,0.144074,0.0408714,0.999419,0.0180917,1.90208,0.991992,0.0240778,1.45745,0.972933,All
23.6169,0.000659001,0.997682,0.145422,0.0370996,0.999471,0.0182717,1.814,0.992326,0.0243285,1.42633,0.973294,All
23.8432,0.000615835,0.997826,0.146769,0.033682,0.999519,0.0184517,1.73039,0.992645,0.0245792,1.39614,0.973648,All
24.0696,0.000575626,0.997961,0.148117,0.030585,0.999562,0.0186316,1.65101,0.992949,0.0248299,1.36684,0.973994,All
