time_pwRes,time_pwRes_spline,time_iwRes,time_iwRes_spline,time_npde,time_npde_spline,prediction_pwRes,prediction_pwRes_spline,prediction_iwRes,prediction_iwRes_spline,prediction_npde,prediction_npde_spline,split
0.001,-0.0383502,0.001,-0.0179396,0.001,-0.0767573,0.107595,0.0185971,0.00084446,0.195612,0.107595,0.0867725,All
0.00129203,-0.0383224,0.00129203,-0.0179042,0.00129203,-0.0767238,0.124592,0.0464934,0.00109251,0.195764,0.124592,0.0916054,All
0.00166935,-0.0382866,0.00166935,-0.0178583,0.00166935,-0.0766806,0.144275,0.033946,0.00141343,0.195934,0.144275,0.0717181,All
0.00215686,-0.0382402,0.00215686,-0.0177991,0.00215686,-0.0766247,0.167066,0.00352509,0.00182861,0.196155,0.167066,0.0404675,All
0.00278673,-0.0381804,0.00278673,-0.0177226,0.00278673,-0.0765525,0.193458,-0.0326127,0.00236575,0.196441,0.193458,0.00430786,All
0.00360055,-0.038103,0.00360055,-0.0176238,0.00360055,-0.0764592,0.224019,-0.0744593,0.00306066,0.196811,0.224019,-0.037564,All
0.00465203,-0.0380031,0.00465203,-0.0174961,0.00465203,-0.0763387,0.259407,-0.0803258,0.00395971,0.197265,0.259407,-0.0435642,All
0.00601058,-0.037874,0.00601058,-0.0173311,0.00601058,-0.076183,0.300387,-0.0794303,0.00512283,0.197658,0.300387,-0.0428423,All
0.00776587,-0.0377071,0.00776587,-0.0171179,0.00776587,-0.0759818,0.347839,-0.0783933,0.00662762,0.198013,0.347839,-0.0420064,All
0.0100338,-0.0374916,0.0100338,-0.0168425,0.0100338,-0.0757219,0.402788,-0.0771926,0.00857442,0.198196,0.402788,-0.0410385,All
0.012964,-0.0372131,0.012964,-0.0164866,0.012964,-0.0753861,0.466418,-0.0758021,0.0110931,0.197998,0.466418,-0.0399177,All
0.0167499,-0.0368532,0.0167499,-0.0160268,0.0167499,-0.0749522,0.540099,-0.074192,0.0143516,0.19732,0.540099,-0.0386198,All
0.0216414,-0.0363883,0.0216414,-0.0154327,0.0216414,-0.0743915,0.625419,-0.0723276,0.0185672,0.195691,0.625419,-0.0371169,All
0.0279614,-0.0357876,0.0279614,-0.0146651,0.0279614,-0.0736672,0.724218,-0.0701686,0.0240212,0.193212,0.724218,-0.0353765,All
0.0361271,-0.0350115,0.0361271,-0.0136734,0.0361271,-0.0727313,0.838625,-0.0676686,0.0310772,0.190382,0.838625,-0.0333613,All
0.0466774,-0.0340088,0.0466774,-0.012392,0.0466774,-0.0715221,0.971104,-0.0647736,0.0402058,0.189681,0.971104,-0.0310277,All
0.0603087,-0.0327132,0.0603087,-0.0107365,0.0603087,-0.0699597,1.12451,-0.0614213,0.0520159,0.199026,1.12451,-0.0283254,All
0.0779209,-0.0310433,0.0779209,-0.0086021,0.0779209,-0.0679459,1.30215,-0.0575395,0.0672951,0.227827,1.30215,-0.0251962,All
0.100676,-0.0288986,0.100676,-0.00585916,0.100676,-0.0653592,1.50786,-0.0530444,0.0870624,0.26183,1.50786,-0.0215728,All
0.130077,-0.0261355,0.130077,-0.00232424,0.130077,-0.0620263,1.74606,-0.0478392,0.112636,0.258621,1.74606,-0.0173769,All
0.168064,-0.022588,0.168064,0.00221713,0.168064,-0.0577467,2.02189,-0.00879156,0.145722,0.208293,2.02189,0.0312094,All
0.217144,-0.0180476,0.217144,0.00803521,0.217144,-0.0522682,2.34129,-0.0277153,0.188527,0.160441,2.34129,0.0328584,All
0.280558,-0.0122048,0.280558,0.0155255,0.280558,-0.0452174,2.71115,0.0133369,0.243905,0.17447,2.71115,0.0546002,All
0.36249,-0.00564069,0.36249,0.0240674,0.36249,-0.0372698,3.13943,0.0608741,0.315549,0.212736,3.13943,0.0797767,All
0.468349,0.00229929,0.468349,0.0344799,0.468349,-0.0276399,3.39951,0.0897408,0.408239,0.227847,3.39951,0.095065,All
0.605123,0.012558,0.605123,0.0479333,0.605123,-0.0151977,3.63538,0.115921,0.528156,0.201187,3.63538,0.10893,All
0.781839,0.0258126,0.781839,0.0653155,0.781839,0.000878097,4.20967,0.179664,0.683297,0.147961,4.20967,0.14269,All
1.01016,0.0429381,1.01016,0.0877739,1.01016,0.0216485,4.87468,0.253476,0.884009,0.146168,4.87468,0.181782,All
1.30516,0.0650647,1.30516,0.116791,1.30516,0.0484846,5.64474,0.338949,1.14368,0.18115,5.64474,0.227049,All
1.68632,0.093653,1.68632,0.154282,1.68632,0.0831577,6.53645,0.437924,1.47962,0.187487,6.53645,0.279468,All
2.17878,0.13059,2.17878,0.202721,2.17878,0.127957,6.69142,0.455124,1.91425,0.179156,6.69142,0.288577,All
2.81505,0.175819,2.81505,0.262112,2.81505,0.182813,7.56903,0.552534,2.47654,0.201229,7.56903,0.340167,All
3.63714,0.171437,3.63714,0.258381,3.63714,0.177498,8.76473,-0.0588474,3.20401,0.22662,8.76473,0.0391579,All
4.69931,0.165775,4.69931,0.25356,4.69931,0.170632,9.98333,0.137411,4.14515,0.174664,9.98333,0.164905,All
6.07166,0.158459,6.07166,0.247331,6.07166,0.16176,10.1493,0.137566,5.36276,0.102146,10.1493,0.1652,All
7.32446,0.151781,7.32446,0.241646,7.32446,0.153661,11.7526,0.139067,6.60739,0.124533,11.7526,0.168051,All
7.84479,0.149007,7.84479,0.239284,7.84479,0.150297,13.2752,0.140491,6.93802,0.139988,13.2752,0.170759,All
10.1357,0.136795,10.1357,0.228886,10.1357,0.135486,13.6092,0.140804,8.976,0.21157,13.6092,0.171353,All
13.0957,0.121016,13.0957,0.215452,13.0957,0.116351,15.7591,0.142815,11.6126,0.230575,15.7591,0.175176,All
14.6479,0.112742,14.6479,0.208408,14.6479,0.106316,16.5672,0.143571,13.2139,0.230428,16.5672,0.176613,All
16.9201,0.10063,16.9201,0.198095,16.9201,0.0916273,18.2486,0.145144,15.0237,0.234445,18.2486,0.179603,All
21.8613,0.0742897,21.8613,0.175669,21.8613,0.0596835,19.8591,0.146651,19.4368,0.265101,19.8591,0.182467,All
21.9714,0.0737029,21.9714,0.17517,21.9714,0.0589719,21.1314,0.147841,19.8205,0.269173,21.1314,0.18473,All
28.2455,0.066798,28.2455,0.15185,28.2455,0.0432075,23.151,0.149731,25.1462,0.318719,23.151,0.188322,All
29.2948,0.0869193,29.2948,0.154031,29.2948,0.0609484,24.4695,0.150965,26.427,0.320769,24.4695,0.190667,All
36.4942,0.168778,36.4942,0.20954,36.4942,0.149993,26.4429,0.152811,32.5326,0.260892,26.4429,0.194176,All
36.6183,0.168566,36.6183,0.209784,36.6183,0.149837,28.335,0.154581,33.0335,0.251433,28.335,0.197541,All
43.9418,0.156051,43.9418,0.224175,43.9418,0.140651,29.7348,0.155891,39.6401,0.128262,29.7348,0.20003,All
47.1517,0.150565,47.1517,0.230483,47.1517,0.136625,32.8112,0.158769,42.0888,0.104697,32.8112,0.205501,All
51.2652,0.143535,51.2652,0.238566,51.2652,0.131465,33.0267,0.158971,46.2466,0.108304,33.0267,0.205884,All
58.5887,0.13102,58.5887,0.252957,58.5887,0.122279,36.3186,0.113093,52.8532,0.167024,36.3186,0.121671,All
60.9216,-0.100055,60.9216,0.161425,60.9216,-0.0154978,37.9945,0.0845266,54.452,0.182148,37.9945,0.0796814,All
65.9121,0.515578,65.9121,0.364786,65.9121,0.27889,39.6105,0.0631772,59.4597,0.222191,39.6105,0.0651399,All
73.2356,0.332808,73.2356,0.258384,73.2356,0.183762,42.9025,0.0241642,66.0663,0.25825,42.9025,0.0444725,All
78.7127,0.196117,78.7127,0.178807,78.7127,0.112616,43.9965,0.0149917,70.4468,0.270636,43.9965,0.0397435,All
80.5591,0.150039,80.5591,0.151982,80.5591,0.0886335,46.1944,0.0158049,72.6728,0.275747,46.1944,0.0398496,All
87.8825,-0.0327311,87.8825,0.0455801,87.8825,-0.00649503,49.4863,0.0170229,79.2793,0.258179,49.4863,0.0400087,All
95.206,-0.0830655,95.206,-0.0481708,95.206,-0.0650832,50.9468,0.0175633,85.8859,0.235027,50.9468,0.0400792,All
101.699,-0.0869517,101.699,-0.00728976,101.699,-0.0959497,52.7782,0.0182409,91.1399,0.216614,52.7782,0.0401677,All
102.529,-0.0874484,102.529,-0.00206463,102.529,-0.0998948,56.0701,0.0194589,92.4924,0.211875,56.0701,0.0403267,All
109.853,-0.0918313,109.853,0.0440415,109.853,-0.134707,58.995,0.0205411,99.099,0.188723,58.995,0.040468,All
117.176,-0.0962142,117.176,0.0901477,117.176,-0.169518,59.362,0.0206769,105.705,0.151639,59.362,0.0404858,All
124.5,-0.100597,124.5,0.136254,124.5,-0.20433,62.6539,0.0218949,112.312,0.0976763,62.6539,0.0406448,All
131.399,-0.104726,131.399,0.17969,131.399,-0.237125,65.9458,0.0231129,117.911,0.0505057,65.9458,0.0408038,All
131.823,-0.10498,131.823,0.18236,131.823,-0.239142,68.3145,0.0239893,118.919,0.0412483,68.3145,0.0409182,All
139.147,-0.109363,139.147,0.228466,139.147,-0.273953,69.2378,0.0243309,125.525,-0.0216698,69.2378,0.0409628,All
146.47,-0.113746,146.47,0.274572,146.47,-0.308765,72.5297,0.0255489,132.132,-0.0865389,72.5297,0.0411219,All
153.794,-0.103773,153.794,0.307738,153.794,-0.301523,75.8216,0.0267669,138.738,-0.151566,75.8216,0.0412809,All
161.117,-0.0640154,161.117,0.314052,161.117,-0.207021,79.1063,0.0279823,145.345,-0.212528,79.1063,0.0414396,All
168.441,-0.0242573,168.441,0.320366,168.441,-0.112519,79.1135,0.0279849,151.951,-0.26115,79.1135,0.0414399,All
169.772,-0.0170288,169.772,0.321514,169.772,-0.0953379,82.4054,0.0292029,152.547,-0.264973,82.4054,0.041599,All
175.764,0.0155008,175.764,0.326681,175.764,-0.0180179,85.6973,0.0304209,158.558,-0.288955,85.6973,0.041758,All
183.088,-0.0301582,183.088,0.230777,183.088,0.0116192,88.9892,0.0316389,165.164,-0.286799,88.9892,0.041917,All
190.411,-0.0544269,190.411,0.278437,190.411,-0.0649303,91.6029,0.032606,171.771,-0.251512,91.6029,0.0420433,All
197.734,-0.0565644,197.734,0.279715,197.734,-0.0843784,92.2811,0.032857,178.377,-0.205129,92.2811,0.042076,All
205.058,-0.0587018,205.058,0.280993,205.058,-0.103826,95.5731,0.034075,184.984,-0.173909,95.5731,0.0422351,All
212.381,-0.0608392,212.381,0.282271,212.381,-0.123274,98.865,0.035293,191.591,-0.162212,98.865,0.0423941,All
219.351,-0.0628734,219.351,0.283488,219.351,-0.141783,102.157,0.036511,197.356,-0.167843,102.157,0.0425531,All
219.705,-0.0629766,219.705,0.28355,219.705,-0.142722,105.449,0.037729,198.197,-0.169593,105.449,0.0427122,All
227.028,-0.0651141,227.028,0.284828,227.028,-0.162171,106.074,0.0379602,204.804,-0.191461,106.074,0.0427423,All
234.352,-0.0672515,234.352,0.286106,234.352,-0.181619,108.741,0.038947,211.41,-0.22589,108.741,0.0428712,All
241.675,-0.0693889,241.675,0.287384,241.675,-0.201067,112.033,0.040165,218.017,-0.268353,112.033,0.0430302,All
248.999,-0.0586762,248.999,0.276235,248.999,-0.165186,115.325,0.041383,224.623,-0.318684,115.325,0.0431892,All
256.322,-0.0417273,256.322,0.259055,256.322,-0.102455,118.616,0.042601,231.23,-0.37199,118.616,0.0433483,All
263.646,-0.0247784,263.646,0.241876,263.646,-0.0397241,121.908,0.043819,237.836,-0.373373,121.908,0.0435073,All
270.969,-0.00782947,270.969,0.224696,270.969,0.023007,122.83,0.0441601,244.443,-0.321561,122.83,0.0435518,All
278.292,-0.00655173,278.292,0.207467,278.292,0.143378,125.2,0.045037,251.049,-0.269749,125.2,0.0436663,All
283.409,-0.0199614,283.409,0.189426,283.409,0.104545,128.492,0.046255,255.328,-0.236196,128.492,0.0438253,All
285.616,-0.0257453,285.616,0.181645,285.616,0.0877961,131.784,0.047473,257.656,-0.217937,131.784,0.0439844,All
292.939,-0.0449388,292.939,0.155822,292.939,0.0322144,135.076,0.048691,264.262,-0.166125,135.076,0.0441434,All
300.263,-0.0641323,300.263,0.129999,300.263,-0.0233673,138.368,0.049909,270.869,-0.114313,138.368,0.0443024,All
307.586,-0.0833258,307.586,0.104176,307.586,-0.078949,141.66,0.051127,277.476,-0.0625007,141.66,0.0444615,All
314.91,-0.102519,314.91,0.0783535,314.91,-0.134531,142.234,0.0513395,284.082,-0.0106888,142.234,0.0444892,All
322.233,-0.121713,322.233,0.0525307,322.233,-0.190112,144.952,0.0385067,290.689,0.0411232,144.952,0.0278706,All
329.557,-0.140906,329.557,0.0267079,329.557,-0.245694,148.244,0.00405255,297.295,0.0929352,148.244,-0.0151476,All
336.88,-0.130596,336.88,0.0366565,336.88,-0.21299,151.536,-0.0304016,303.902,0.144747,151.536,-0.0581659,All
344.204,-0.103593,344.204,0.0668442,344.204,-0.130334,154.827,-0.0648557,310.508,0.196559,154.827,-0.101184,All
351.527,-0.0765892,351.527,0.0970319,351.527,-0.0476785,158.119,-0.0993098,317.115,0.248371,158.119,-0.144202,All
358.851,-0.0495858,358.851,0.12722,358.851,0.0349771,161.411,-0.133764,323.721,0.300183,161.411,-0.187221,All
366.174,0.0690514,366.174,0.167425,366.174,0.339618,164.703,-0.1833,330.328,0.351995,164.703,-0.244469,All
