pwRes_abscissa,pwRes_cdf,iwRes_abscissa,iwRes_cdf,npde_abscissa,npde_cdf,split
-4,0,-4,0,-4,0,All
-0.574654,0.00294118,-1.10701,0.00294118,-0.775535,0.00294118,All
-0.514654,0.00588235,-1.10593,0.00588235,-0.542018,0.00588235,All
-0.494332,0.00882353,-1.10573,0.00882353,-0.517895,0.00882353,All
-0.476433,0.0117647,-1.10564,0.0117647,-0.505716,0.0117647,All
-0.443295,0.0147059,-1.10422,0.0147059,-0.481788,0.0147059,All
-0.44019,0.0176471,-1.1002,0.0176471,-0.472296,0.0176471,All
-0.439377,0.0205882,-1.09687,0.0205882,-0.455931,0.0205882,All
-0.435532,0.0235294,-1.0953,0.0235294,-0.439892,0.0235294,All
-0.429508,0.0264706,-1.09078,0.0264706,-0.430175,0.0264706,All
-0.42786,0.0294118,-1.09061,0.0294118,-0.427154,0.0294118,All
-0.424076,0.0323529,-1.08887,0.0323529,-0.421515,0.0323529,All
-0.422506,0.0352941,-1.08876,0.0352941,-0.417578,0.0352941,All
-0.42114,0.0382353,-1.08868,0.0382353,-0.412767,0.0382353,All
-0.420994,0.0411765,-1.08731,0.0411765,-0.407138,0.0411765,All
-0.419975,0.0441176,-1.08458,0.0441176,-0.404254,0.0441176,All
-0.417191,0.0470588,-1.07743,0.0470588,-0.387479,0.0470588,All
-0.408397,0.05,-1.07524,0.05,-0.38471,0.05,All
-0.404736,0.0529412,-1.0741,0.0529412,-0.378084,0.0529412,All
-0.401424,0.0558824,-1.07395,0.0558824,-0.363968,0.0558824,All
-0.401254,0.0588235,-1.07354,0.0588235,-0.357109,0.0588235,All
-0.400801,0.0617647,-1.07088,0.0617647,-0.339162,0.0617647,All
-0.397595,0.0647059,-1.06885,0.0647059,-0.328222,0.0647059,All
-0.392628,0.0676471,-1.06684,0.0676471,-0.324818,0.0676471,All
-0.391538,0.0705882,-1.06666,0.0705882,-0.322266,0.0705882,All
-0.39088,0.0735294,-1.0628,0.0735294,-0.321722,0.0735294,All
-0.388405,0.0764706,-1.05539,0.0764706,-0.317518,0.0764706,All
-0.384547,0.0794118,-1.05286,0.0794118,-0.313535,0.0794118,All
-0.375474,0.0823529,-1.04504,0.0823529,-0.311435,0.0823529,All
-0.372001,0.0852941,-1.04251,0.0852941,-0.30975,0.0852941,All
-0.368622,0.0882353,-1.03414,0.0882353,-0.306044,0.0882353,All
-0.364704,0.0911765,-1.02725,0.0911765,-0.298506,0.0911765,All
-0.358429,0.0941176,-1.01647,0.0941176,-0.29434,0.0941176,All
-0.358259,0.0970588,-1.01575,0.0970588,-0.293916,0.0970588,All
-0.357495,0.1,-1.01105,0.1,-0.293848,0.1,All
-0.353309,0.102941,-1.00481,0.102941,-0.291601,0.102941,All
-0.350943,0.105882,-1.00396,0.105882,-0.291466,0.105882,All
-0.348797,0.108824,-1.00373,0.108824,-0.291001,0.108824,All
-0.34047,0.111765,-1.00273,0.111765,-0.28184,0.111765,All
-0.338685,0.114706,-1.00144,0.114706,-0.281822,0.114706,All
-0.336563,0.117647,-0.998064,0.117647,-0.279831,0.117647,All
-0.332992,0.120588,-0.986392,0.120588,-0.279083,0.120588,All
-0.332667,0.123529,-0.97964,0.123529,-0.278171,0.123529,All
-0.33216,0.126471,-0.961254,0.126471,-0.278133,0.126471,All
-0.324683,0.129412,-0.954755,0.129412,-0.277223,0.129412,All
-0.324615,0.132353,-0.946663,0.132353,-0.273937,0.132353,All
-0.323546,0.135294,-0.9404,0.135294,-0.27051,0.135294,All
-0.319166,0.138235,-0.935905,0.138235,-0.27046,0.138235,All
-0.317246,0.141176,-0.934182,0.141176,-0.268664,0.141176,All
-0.316293,0.144118,-0.927696,0.144118,-0.266401,0.144118,All
-0.311927,0.147059,-0.926915,0.147059,-0.259805,0.147059,All
-0.311815,0.15,-0.919132,0.15,-0.239437,0.15,All
-0.311014,0.152941,-0.912452,0.152941,-0.238176,0.152941,All
-0.305017,0.155882,-0.912385,0.155882,-0.235248,0.155882,All
-0.303181,0.158824,-0.909012,0.158824,-0.234545,0.158824,All
-0.301288,0.161765,-0.908794,0.161765,-0.23435,0.161765,All
-0.300729,0.164706,-0.904168,0.164706,-0.233276,0.164706,All
-0.300507,0.167647,-0.903918,0.167647,-0.230373,0.167647,All
-0.300024,0.170588,-0.896196,0.170588,-0.228125,0.170588,All
-0.298613,0.173529,-0.895855,0.173529,-0.220427,0.173529,All
-0.294874,0.176471,-0.889327,0.176471,-0.220326,0.176471,All
-0.292687,0.179412,-0.883487,0.179412,-0.218412,0.179412,All
-0.292197,0.182353,-0.879908,0.182353,-0.218404,0.182353,All
-0.291935,0.185294,-0.879374,0.185294,-0.217266,0.185294,All
-0.291059,0.188235,-0.877002,0.188235,-0.21125,0.188235,All
-0.290811,0.191176,-0.875193,0.191176,-0.206889,0.191176,All
-0.288994,0.194118,-0.868286,0.194118,-0.203321,0.194118,All
-0.288456,0.197059,-0.867196,0.197059,-0.197997,0.197059,All
-0.28633,0.2,-0.851508,0.2,-0.191319,0.2,All
-0.281217,0.202941,-0.849919,0.202941,-0.190103,0.202941,All
-0.276971,0.205882,-0.841087,0.205882,-0.189603,0.205882,All
-0.276837,0.208824,-0.832694,0.208824,-0.188366,0.208824,All
-0.27513,0.211765,-0.824761,0.211765,-0.187933,0.211765,All
-0.275017,0.214706,-0.819671,0.214706,-0.186724,0.214706,All
-0.271976,0.217647,-0.817043,0.217647,-0.186,0.217647,All
-0.271433,0.220588,-0.812856,0.220588,-0.185017,0.220588,All
-0.270774,0.223529,-0.812637,0.223529,-0.178764,0.223529,All
-0.269895,0.226471,-0.810529,0.226471,-0.174223,0.226471,All
-0.269124,0.229412,-0.799803,0.229412,-0.172547,0.229412,All
-0.268224,0.232353,-0.79792,0.232353,-0.171277,0.232353,All
-0.268061,0.235294,-0.79453,0.235294,-0.168291,0.235294,All
-0.267587,0.238235,-0.791698,0.238235,-0.166966,0.238235,All
-0.265502,0.241176,-0.787693,0.241176,-0.165257,0.241176,All
-0.265188,0.244118,-0.773695,0.244118,-0.164821,0.244118,All
-0.265039,0.247059,-0.77069,0.247059,-0.162714,0.247059,All
-0.264425,0.25,-0.768577,0.25,-0.159246,0.25,All
-0.263668,0.252941,-0.766195,0.252941,-0.15767,0.252941,All
-0.262786,0.255882,-0.764565,0.255882,-0.150879,0.255882,All
-0.259775,0.258824,-0.757261,0.258824,-0.148195,0.258824,All
-0.259084,0.261765,-0.751453,0.261765,-0.146544,0.261765,All
-0.255261,0.264706,-0.748379,0.264706,-0.141024,0.264706,All
-0.254628,0.267647,-0.745684,0.267647,-0.139629,0.267647,All
-0.254159,0.270588,-0.740694,0.270588,-0.13754,0.270588,All
-0.252005,0.273529,-0.734118,0.273529,-0.134525,0.273529,All
-0.251822,0.276471,-0.728325,0.276471,-0.133184,0.276471,All
-0.25134,0.279412,-0.719165,0.279412,-0.129174,0.279412,All
-0.250192,0.282353,-0.708955,0.282353,-0.127891,0.282353,All
-0.24954,0.285294,-0.705618,0.285294,-0.127259,0.285294,All
-0.249435,0.288235,-0.701962,0.288235,-0.125686,0.288235,All
-0.249152,0.291176,-0.692199,0.291176,-0.123349,0.291176,All
-0.247949,0.294118,-0.688323,0.294118,-0.122705,0.294118,All
-0.247832,0.297059,-0.686212,0.297059,-0.122513,0.297059,All
-0.247748,0.3,-0.685093,0.3,-0.121419,0.3,All
-0.247285,0.302941,-0.680673,0.302941,-0.121262,0.302941,All
-0.247243,0.305882,-0.626115,0.305882,-0.120638,0.305882,All
-0.243196,0.308824,-0.616076,0.308824,-0.115419,0.308824,All
-0.243163,0.311765,-0.606734,0.311765,-0.105958,0.311765,All
-0.24154,0.314706,-0.602582,0.314706,-0.100906,0.314706,All
-0.23862,0.317647,-0.596367,0.317647,-0.0985609,0.317647,All
-0.238483,0.320588,-0.593466,0.320588,-0.0942067,0.320588,All
-0.238437,0.323529,-0.573767,0.323529,-0.0899415,0.323529,All
-0.238391,0.326471,-0.565267,0.326471,-0.0876662,0.326471,All
-0.238216,0.329412,-0.56483,0.329412,-0.0828718,0.329412,All
-0.234423,0.332353,-0.564709,0.332353,-0.0821805,0.332353,All
-0.233283,0.335294,-0.558476,0.335294,-0.0816327,0.335294,All
-0.231946,0.338235,-0.556643,0.338235,-0.0767974,0.338235,All
-0.230372,0.341176,-0.54726,0.341176,-0.0758224,0.341176,All
-0.229864,0.344118,-0.546556,0.344118,-0.0747383,0.344118,All
-0.22983,0.347059,-0.545882,0.347059,-0.0746923,0.347059,All
-0.228185,0.35,-0.53517,0.35,-0.0697627,0.35,All
-0.227923,0.352941,-0.531915,0.352941,-0.0679784,0.352941,All
-0.227134,0.355882,-0.526541,0.355882,-0.0658547,0.355882,All
-0.226939,0.358824,-0.5148,0.358824,-0.0642202,0.358824,All
-0.225066,0.361765,-0.511796,0.361765,-0.0614447,0.361765,All
-0.224508,0.364706,-0.509063,0.364706,-0.059659,0.364706,All
-0.224319,0.367647,-0.477787,0.367647,-0.0545638,0.367647,All
-0.223507,0.370588,-0.4698,0.370588,-0.052405,0.370588,All
-0.222616,0.373529,-0.468774,0.373529,-0.0505423,0.373529,All
-0.220852,0.376471,-0.461126,0.376471,-0.0501471,0.376471,All
-0.220235,0.379412,-0.460683,0.379412,-0.0331464,0.379412,All
-0.219912,0.382353,-0.451022,0.382353,-0.0258821,0.382353,All
-0.219746,0.385294,-0.447776,0.385294,-0.0228908,0.385294,All
-0.219038,0.388235,-0.445973,0.388235,-0.0149697,0.388235,All
-0.218954,0.391176,-0.445504,0.391176,-0.0118737,0.391176,All
-0.21873,0.394118,-0.444788,0.394118,-0.0103069,0.394118,All
-0.218595,0.397059,-0.441487,0.397059,-0.00610863,0.397059,All
-0.21736,0.4,-0.439609,0.4,-0.00570799,0.4,All
-0.216576,0.402941,-0.421568,0.402941,0.00252495,0.402941,All
-0.215759,0.405882,-0.398469,0.405882,0.00685689,0.405882,All
-0.213993,0.408824,-0.388065,0.408824,0.0106697,0.408824,All
-0.213875,0.411765,-0.384187,0.411765,0.0146996,0.411765,All
-0.213646,0.414706,-0.383044,0.414706,0.0174343,0.414706,All
-0.212754,0.417647,-0.374615,0.417647,0.0251119,0.417647,All
-0.212231,0.420588,-0.366849,0.420588,0.0323292,0.420588,All
-0.210763,0.423529,-0.35465,0.423529,0.0329061,0.423529,All
-0.210711,0.426471,-0.354372,0.426471,0.0340614,0.426471,All
-0.210693,0.429412,-0.323814,0.429412,0.0345781,0.429412,All
-0.210673,0.432353,-0.31105,0.432353,0.037102,0.432353,All
-0.210294,0.435294,-0.310169,0.435294,0.0403001,0.435294,All
-0.210129,0.438235,-0.294176,0.438235,0.041485,0.438235,All
-0.209853,0.441176,-0.291672,0.441176,0.0422677,0.441176,All
-0.208758,0.444118,-0.261645,0.444118,0.0437897,0.444118,All
-0.20859,0.447059,-0.244904,0.447059,0.0445768,0.447059,All
-0.207704,0.45,-0.242499,0.45,0.0453774,0.45,All
-0.207665,0.452941,-0.240209,0.452941,0.046404,0.452941,All
-0.207481,0.455882,-0.232074,0.455882,0.0475859,0.455882,All
-0.206865,0.458824,-0.23025,0.458824,0.0485047,0.458824,All
-0.206697,0.461765,-0.219762,0.461765,0.0512539,0.461765,All
-0.206301,0.464706,-0.195875,0.464706,0.0559884,0.464706,All
-0.204992,0.467647,-0.193138,0.467647,0.057824,0.467647,All
-0.204839,0.470588,-0.183354,0.470588,0.0601884,0.470588,All
-0.204636,0.473529,-0.182597,0.473529,0.0623066,0.473529,All
-0.203934,0.476471,-0.16389,0.476471,0.0626238,0.476471,All
-0.20111,0.479412,-0.161351,0.479412,0.0631294,0.479412,All
-0.200648,0.482353,-0.147495,0.482353,0.0650732,0.482353,All
-0.200358,0.485294,-0.139515,0.485294,0.0654749,0.485294,All
-0.2001,0.488235,-0.134302,0.488235,0.0692147,0.488235,All
-0.199491,0.491176,-0.133704,0.491176,0.0702217,0.491176,All
-0.19948,0.494118,-0.117076,0.494118,0.0777205,0.494118,All
-0.19731,0.497059,-0.11439,0.497059,0.0784564,0.497059,All
-0.196686,0.5,-0.10583,0.5,0.0854359,0.5,All
-0.196467,0.502941,-0.101783,0.502941,0.0880037,0.502941,All
-0.196428,0.505882,-0.0894301,0.505882,0.0887112,0.505882,All
-0.196212,0.508824,-0.0842351,0.508824,0.0904731,0.508824,All
-0.196108,0.511765,-0.0801076,0.511765,0.0919041,0.511765,All
-0.195999,0.514706,-0.0729271,0.514706,0.0925399,0.514706,All
-0.195403,0.517647,-0.0642766,0.517647,0.0927451,0.517647,All
-0.195171,0.520588,-0.0235498,0.520588,0.0950594,0.520588,All
-0.195159,0.523529,-0.0178001,0.523529,0.0991212,0.523529,All
-0.193344,0.526471,-0.0156522,0.526471,0.103225,0.526471,All
-0.192523,0.529412,-0.012074,0.529412,0.108977,0.529412,All
-0.190702,0.532353,-0.00851068,0.532353,0.109085,0.532353,All
-0.190627,0.535294,-0.00394591,0.535294,0.109389,0.535294,All
-0.190553,0.538235,0.000961861,0.538235,0.112352,0.538235,All
-0.19021,0.541176,0.00261831,0.541176,0.115949,0.541176,All
-0.189721,0.544118,0.004389,0.544118,0.120982,0.544118,All
-0.189522,0.547059,0.0178555,0.547059,0.122422,0.547059,All
-0.189425,0.55,0.0209965,0.55,0.122603,0.55,All
-0.188475,0.552941,0.023836,0.552941,0.128349,0.552941,All
-0.187446,0.555882,0.0259249,0.555882,0.131394,0.555882,All
-0.187048,0.558824,0.037856,0.558824,0.136608,0.558824,All
-0.18702,0.561765,0.0563924,0.561765,0.142998,0.561765,All
-0.186945,0.564706,0.0575474,0.564706,0.146482,0.564706,All
-0.186502,0.567647,0.0701627,0.567647,0.147512,0.567647,All
-0.185814,0.570588,0.0789032,0.570588,0.149404,0.570588,All
-0.184225,0.573529,0.0831302,0.573529,0.15006,0.573529,All
-0.183747,0.576471,0.0897337,0.576471,0.154065,0.576471,All
-0.18323,0.579412,0.112631,0.579412,0.15803,0.579412,All
-0.183107,0.582353,0.124021,0.582353,0.17146,0.582353,All
-0.182644,0.585294,0.136823,0.585294,0.17418,0.585294,All
-0.18196,0.588235,0.1496,0.588235,0.174192,0.588235,All
-0.18134,0.591176,0.149991,0.591176,0.175394,0.591176,All
-0.180704,0.594118,0.150753,0.594118,0.177054,0.594118,All
-0.180222,0.597059,0.153641,0.597059,0.181415,0.597059,All
-0.180045,0.6,0.15715,0.6,0.182708,0.6,All
-0.179921,0.602941,0.166722,0.602941,0.188192,0.602941,All
-0.179445,0.605882,0.171689,0.605882,0.19059,0.605882,All
-0.179121,0.608824,0.172689,0.608824,0.198817,0.608824,All
-0.178943,0.611765,0.179976,0.611765,0.200798,0.611765,All
-0.178766,0.614706,0.182819,0.614706,0.202644,0.614706,All
-0.178524,0.617647,0.193916,0.617647,0.203832,0.617647,All
-0.176988,0.620588,0.204847,0.620588,0.204453,0.620588,All
-0.176842,0.623529,0.208095,0.623529,0.208163,0.623529,All
-0.176161,0.626471,0.214014,0.626471,0.209129,0.626471,All
-0.175547,0.629412,0.219985,0.629412,0.212125,0.629412,All
-0.174487,0.632353,0.220243,0.632353,0.217685,0.632353,All
-0.174452,0.635294,0.223589,0.635294,0.219052,0.635294,All
-0.174422,0.638235,0.24199,0.638235,0.227958,0.638235,All
-0.174014,0.641176,0.263606,0.641176,0.242328,0.641176,All
-0.174007,0.644118,0.263973,0.644118,0.24564,0.644118,All
-0.173886,0.647059,0.270773,0.647059,0.24663,0.647059,All
-0.173452,0.65,0.280527,0.65,0.249552,0.65,All
-0.17256,0.652941,0.286594,0.652941,0.255056,0.652941,All
-0.172087,0.655882,0.31218,0.655882,0.257809,0.655882,All
-0.171912,0.658824,0.318973,0.658824,0.258514,0.658824,All
-0.171375,0.661765,0.326441,0.661765,0.260148,0.661765,All
-0.169806,0.664706,0.331411,0.664706,0.261444,0.664706,All
-0.166966,0.667647,0.365743,0.667647,0.275473,0.667647,All
-0.166933,0.670588,0.366477,0.670588,0.283487,0.670588,All
-0.166505,0.673529,0.366764,0.673529,0.285619,0.673529,All
-0.166253,0.676471,0.367329,0.676471,0.288705,0.676471,All
-0.166041,0.679412,0.392595,0.679412,0.288939,0.679412,All
-0.165706,0.682353,0.402526,0.682353,0.29063,0.682353,All
-0.164744,0.685294,0.40602,0.685294,0.29933,0.685294,All
-0.164545,0.688235,0.430131,0.688235,0.305473,0.688235,All
-0.164516,0.691176,0.444864,0.691176,0.306531,0.691176,All
-0.163654,0.694118,0.46006,0.694118,0.308915,0.694118,All
-0.163435,0.697059,0.47029,0.697059,0.310562,0.697059,All
-0.162871,0.7,0.474176,0.7,0.31113,0.7,All
-0.161408,0.702941,0.474909,0.702941,0.312412,0.702941,All
-0.160695,0.705882,0.48017,0.705882,0.314556,0.705882,All
-0.160217,0.708824,0.483476,0.708824,0.316393,0.708824,All
-0.159835,0.711765,0.504559,0.711765,0.324311,0.711765,All
-0.157749,0.714706,0.512903,0.714706,0.327431,0.714706,All
-0.156975,0.717647,0.514428,0.717647,0.342034,0.717647,All
-0.156943,0.720588,0.547489,0.720588,0.342807,0.720588,All
-0.156116,0.723529,0.570486,0.723529,0.349994,0.723529,All
-0.155208,0.726471,0.579522,0.726471,0.356425,0.726471,All
-0.154813,0.729412,0.617988,0.729412,0.365027,0.729412,All
-0.154745,0.732353,0.620204,0.732353,0.372367,0.732353,All
-0.154009,0.735294,0.63637,0.735294,0.372426,0.735294,All
-0.153644,0.738235,0.656819,0.738235,0.385686,0.738235,All
-0.153613,0.741176,0.666365,0.741176,0.389516,0.741176,All
-0.153223,0.744118,0.668115,0.744118,0.396611,0.744118,All
-0.153005,0.747059,0.678401,0.747059,0.401797,0.747059,All
-0.152432,0.75,0.700597,0.75,0.411979,0.75,All
-0.1523,0.752941,0.714498,0.752941,0.415204,0.752941,All
-0.151559,0.755882,0.719192,0.755882,0.419468,0.755882,All
-0.151252,0.758824,0.749182,0.758824,0.426917,0.758824,All
-0.151169,0.761765,0.755696,0.761765,0.426935,0.761765,All
-0.149313,0.764706,0.794576,0.764706,0.433122,0.764706,All
-0.149005,0.767647,0.805372,0.767647,0.449814,0.767647,All
-0.148099,0.770588,0.811933,0.770588,0.451237,0.770588,All
-0.145544,0.773529,0.821287,0.773529,0.451238,0.773529,All
-0.143854,0.776471,0.827775,0.776471,0.457983,0.776471,All
-0.143853,0.779412,0.830597,0.779412,0.460057,0.779412,All
-0.141752,0.782353,0.857139,0.782353,0.46241,0.782353,All
-0.141659,0.785294,0.858676,0.785294,0.467266,0.785294,All
-0.141348,0.788235,0.859375,0.788235,0.470252,0.788235,All
-0.14047,0.791176,0.873959,0.791176,0.474771,0.791176,All
-0.140407,0.794118,0.884534,0.794118,0.483707,0.794118,All
-0.140267,0.797059,0.890891,0.797059,0.488725,0.797059,All
-0.140019,0.8,0.892141,0.8,0.489424,0.8,All
-0.139754,0.802941,0.905006,0.802941,0.489609,0.802941,All
-0.139718,0.805882,0.915939,0.805882,0.490302,0.805882,All
-0.136813,0.808824,0.921023,0.808824,0.494206,0.808824,All
-0.135755,0.811765,0.92368,0.811765,0.505651,0.811765,All
-0.135376,0.814706,0.929282,0.814706,0.50855,0.814706,All
-0.13511,0.817647,0.9651,0.817647,0.509614,0.817647,All
-0.134781,0.820588,0.986439,0.820588,0.512243,0.820588,All
-0.131958,0.823529,1.00285,0.823529,0.516562,0.823529,All
-0.129417,0.826471,1.03174,0.826471,0.523061,0.826471,All
-0.129008,0.829412,1.06014,0.829412,0.538428,0.829412,All
-0.12881,0.832353,1.06246,0.832353,0.54305,0.832353,All
-0.126929,0.835294,1.08136,0.835294,0.548458,0.835294,All
-0.123795,0.838235,1.08215,0.838235,0.583911,0.838235,All
-0.123562,0.841176,1.10212,0.841176,0.595365,0.841176,All
-0.123253,0.844118,1.11212,0.844118,0.596008,0.844118,All
-0.122531,0.847059,1.11639,0.847059,0.603843,0.847059,All
-0.122393,0.85,1.11879,0.85,0.607292,0.85,All
-0.117108,0.852941,1.13198,0.852941,0.610296,0.852941,All
-0.115691,0.855882,1.1337,0.855882,0.612684,0.855882,All
-0.114539,0.858824,1.13716,0.858824,0.613069,0.858824,All
-0.112768,0.861765,1.14588,0.861765,0.616672,0.861765,All
-0.111987,0.864706,1.14636,0.864706,0.61838,0.864706,All
-0.110272,0.867647,1.16266,0.867647,0.624286,0.867647,All
-0.10878,0.870588,1.16308,0.870588,0.627488,0.870588,All
-0.107553,0.873529,1.17005,0.873529,0.631268,0.873529,All
-0.10637,0.876471,1.18024,0.876471,0.633279,0.876471,All
-0.0982564,0.879412,1.19775,0.879412,0.634993,0.879412,All
-0.0956311,0.882353,1.20531,0.882353,0.648279,0.882353,All
-0.0940119,0.885294,1.20574,0.885294,0.661527,0.885294,All
-0.0925099,0.888235,1.23013,0.888235,0.685838,0.888235,All
-0.0924169,0.891176,1.2406,0.891176,0.690242,0.891176,All
-0.0919483,0.894118,1.25788,0.894118,0.707346,0.894118,All
-0.0905894,0.897059,1.26162,0.897059,0.707495,0.897059,All
-0.0782376,0.9,1.29325,0.9,0.714192,0.9,All
-0.0724664,0.902941,1.30814,0.902941,0.733808,0.902941,All
-0.0700721,0.905882,1.31278,0.905882,0.737158,0.905882,All
-0.0663845,0.908824,1.35088,0.908824,0.745859,0.908824,All
-0.0562123,0.911765,1.36644,0.911765,0.748909,0.911765,All
-0.0413042,0.914706,1.37127,0.914706,0.772976,0.914706,All
-0.0381581,0.917647,1.37597,0.917647,0.842291,0.917647,All
0.00108787,0.920588,1.40623,0.920588,0.892415,0.920588,All
0.0274756,0.923529,1.42828,0.923529,0.899129,0.923529,All
0.0417404,0.926471,1.44394,0.926471,0.908517,0.926471,All
0.0548639,0.929412,1.45129,0.929412,0.918826,0.929412,All
0.0651834,0.932353,1.45843,0.932353,0.928017,0.932353,All
0.0906371,0.935294,1.45987,0.935294,0.958142,0.935294,All
0.135688,0.938235,1.54962,0.938235,0.990139,0.938235,All
0.160452,0.941176,1.59385,0.941176,0.997151,0.941176,All
0.172054,0.944118,1.62149,0.944118,1.11326,0.944118,All
0.204091,0.947059,1.73677,0.947059,1.15572,0.947059,All
0.2077,0.95,1.7661,0.95,1.15608,0.95,All
0.210483,0.952941,1.79624,0.952941,1.1676,0.952941,All
0.334649,0.955882,1.8284,0.955882,1.16886,0.955882,All
0.414159,0.958824,1.84244,0.958824,1.29107,0.958824,All
0.575848,0.961765,1.91147,0.961765,1.33427,0.961765,All
0.826306,0.964706,1.94385,0.964706,1.3629,0.964706,All
0.855626,0.967647,1.99024,0.967647,1.68586,0.967647,All
1.03264,0.970588,2.03887,0.970588,1.69881,0.970588,All
1.15997,0.973529,2.06101,0.973529,1.70642,0.973529,All
1.23176,0.976471,2.25025,0.976471,1.73754,0.976471,All
1.68666,0.979412,2.33635,0.979412,1.77373,0.979412,All
1.99153,0.982353,2.50783,0.982353,1.77887,0.982353,All
2.0862,0.985294,2.63243,0.985294,1.7874,0.985294,All
2.5786,0.988235,2.8307,0.988235,1.82676,0.988235,All
2.69123,0.991176,3.22695,0.991176,2.07855,0.991176,All
4.61575,0.994118,3.34132,0.994118,2.18807,0.994118,All
9.61943,0.997059,3.67714,0.997059,2.67994,0.997059,All
15.3204,1,4.72069,1,2.8012,1,All
,,,,4,1,All
