CL_vs_Q1_abscissa,CL_vs_Q1_spline,CL_vs_Q1_regression,CL_vs_Vc_abscissa,CL_vs_Vc_spline,CL_vs_Vc_regression,CL_vs_Vp1_abscissa,CL_vs_Vp1_spline,CL_vs_Vp1_regression,Q1_vs_CL_abscissa,Q1_vs_CL_spline,Q1_vs_CL_regression,Q1_vs_Vc_abscissa,Q1_vs_Vc_spline,Q1_vs_Vc_regression,Q1_vs_Vp1_abscissa,Q1_vs_Vp1_spline,Q1_vs_Vp1_regression,Vc_vs_CL_abscissa,Vc_vs_CL_spline,Vc_vs_CL_regression,Vc_vs_Q1_abscissa,Vc_vs_Q1_spline,Vc_vs_Q1_regression,Vc_vs_Vp1_abscissa,Vc_vs_Vp1_spline,Vc_vs_Vp1_regression,Vp1_vs_CL_abscissa,Vp1_vs_CL_spline,Vp1_vs_CL_regression,Vp1_vs_Q1_abscissa,Vp1_vs_Q1_spline,Vp1_vs_Q1_regression,Vp1_vs_Vc_abscissa,Vp1_vs_Vc_spline,Vp1_vs_Vc_regression
-4.60264,-2.82023,-2.01706,-2.08375,-3.1295,-2.53482,-1.18093,1.21649,1.32653,-3.48634,-4.38319,-3.86674,-2.08375,-3.88817,-2.69116,-1.18093,0.597362,0.520467,-3.48634,-2.10626,-2.15215,-4.60264,-1.64966,-1.19656,-1.18093,0.788499,0.732474,-3.48634,0.788397,1.06023,-4.60264,0.469007,0.27219,-2.08375,0.680232,0.734833
-4.52006,-2.76741,-1.98055,-2.05466,-3.07152,-2.49899,-1.15568,1.17225,1.29831,-3.44005,-4.32721,-3.81627,-2.05466,-3.8318,-2.65406,-1.15568,0.58543,0.507711,-3.44005,-2.08195,-2.12397,-4.52006,-1.63227,-1.17546,-1.15568,0.75686,0.716239,-3.44005,0.783358,1.0464,-4.52006,0.466926,0.267667,-2.05466,0.669747,0.724714
-4.43748,-2.71459,-1.94403,-2.02557,-3.01354,-2.46316,-1.13044,1.12801,1.27009,-3.39376,-4.27123,-3.7658,-2.02557,-3.77544,-2.61697,-1.13044,0.573499,0.494955,-3.39376,-2.05764,-2.09579,-4.43748,-1.61488,-1.15435,-1.13044,0.725222,0.700004,-3.39376,0.778318,1.03257,-4.43748,0.464846,0.263144,-2.02557,0.659262,0.714596
-4.35491,-2.66177,-1.90752,-1.99648,-2.95556,-2.42733,-1.10519,1.08377,1.24188,-3.34746,-4.21525,-3.71533,-1.99648,-3.71907,-2.57988,-1.10519,0.561568,0.482198,-3.34746,-2.03333,-2.06761,-4.35491,-1.59749,-1.13325,-1.10519,0.693583,0.683769,-3.34746,0.773279,1.01874,-4.35491,0.462766,0.25862,-1.99648,0.648778,0.704477
-4.27233,-2.60895,-1.87101,-1.96739,-2.89759,-2.3915,-1.07994,1.03952,1.21366,-3.30117,-4.15927,-3.66486,-1.96739,-3.66271,-2.54279,-1.07994,0.549637,0.469442,-3.30117,-2.00902,-2.03944,-4.27233,-1.5801,-1.11214,-1.07994,0.661945,0.667533,-3.30117,0.76824,1.00491,-4.27233,0.460686,0.254097,-1.96739,0.638293,0.694358
-4.18976,-2.55613,-1.8345,-1.9383,-2.83961,-2.35568,-1.05469,0.995285,1.18544,-3.25488,-4.10328,-3.61439,-1.9383,-3.60635,-2.50569,-1.05469,0.537706,0.456686,-3.25488,-1.98471,-2.01126,-4.18976,-1.56271,-1.09104,-1.05469,0.630307,0.651298,-3.25488,0.763201,0.991076,-4.18976,0.458606,0.249573,-1.9383,0.627808,0.68424
-4.10718,-2.50331,-1.79798,-1.90922,-2.78163,-2.31985,-1.02944,0.951044,1.15723,-3.20859,-4.0473,-3.56392,-1.90922,-3.54998,-2.4686,-1.02944,0.525775,0.44393,-3.20859,-1.9604,-1.98308,-4.10718,-1.54532,-1.06994,-1.02944,0.598668,0.635063,-3.20859,0.758161,0.977246,-4.10718,0.456525,0.24505,-1.90922,0.617323,0.674121
-4.02461,-2.45049,-1.76147,-1.88013,-2.72365,-2.28402,-1.0042,0.906804,1.12901,-3.1623,-3.99132,-3.51345,-1.88013,-3.49362,-2.43151,-1.0042,0.513843,0.431174,-3.1623,-1.93609,-1.9549,-4.02461,-1.52793,-1.04883,-1.0042,0.56703,0.618828,-3.1623,0.753122,0.963415,-4.02461,0.454445,0.240527,-1.88013,0.606838,0.664002
-3.94203,-2.39767,-1.72496,-1.85104,-2.66567,-2.24819,-0.978948,0.862564,1.10079,-3.116,-3.93534,-3.46298,-1.85104,-3.43725,-2.39441,-0.978948,0.501912,0.418417,-3.116,-1.91178,-1.92673,-3.94203,-1.51054,-1.02773,-0.978948,0.535391,0.602593,-3.116,0.748083,0.949584,-3.94203,0.452365,0.236003,-1.85104,0.596354,0.653883
-3.85946,-2.34485,-1.68844,-1.82195,-2.60769,-2.21236,-0.9537,0.818324,1.07257,-3.06971,-3.87936,-3.41251,-1.82195,-3.38089,-2.35732,-0.9537,0.489981,0.405661,-3.06971,-1.88747,-1.89855,-3.85946,-1.49316,-1.00662,-0.9537,0.503753,0.586357,-3.06971,0.743044,0.935753,-3.85946,0.450285,0.23148,-1.82195,0.585869,0.643765
-3.77688,-2.29204,-1.65193,-1.79286,-2.54971,-2.17653,-0.928452,0.774083,1.04436,-3.02342,-3.82338,-3.36204,-1.79286,-3.32453,-2.32023,-0.928452,0.47805,0.392905,-3.02342,-1.86316,-1.87037,-3.77688,-1.47577,-0.985519,-0.928452,0.472115,0.570122,-3.02342,0.738005,0.921922,-3.77688,0.448204,0.226956,-1.79286,0.575384,0.633646
-3.69431,-2.23922,-1.61542,-1.76377,-2.49173,-2.1407,-0.903204,0.729843,1.01614,-2.97713,-3.7674,-3.31157,-1.76377,-3.26816,-2.28313,-0.903204,0.466119,0.380149,-2.97713,-1.83885,-1.8422,-3.69431,-1.45838,-0.964415,-0.903204,0.440476,0.553887,-2.97713,0.732965,0.908092,-3.69431,0.446124,0.222433,-1.76377,0.564899,0.623527
-3.61173,-2.1864,-1.57891,-1.73468,-2.43375,-2.10487,-0.877956,0.685603,0.987922,-2.93083,-3.71141,-3.2611,-1.73468,-3.2118,-2.24604,-0.877956,0.454188,0.367392,-2.93083,-1.81454,-1.81402,-3.61173,-1.44099,-0.943311,-0.877956,0.408838,0.537652,-2.93083,0.727926,0.894261,-3.61173,0.444044,0.21791,-1.73468,0.554414,0.613409
-3.52916,-2.13358,-1.54239,-1.70559,-2.37577,-2.06905,-0.852708,0.641363,0.959705,-2.88454,-3.65543,-3.21063,-1.70559,-3.15543,-2.20895,-0.852708,0.442256,0.354636,-2.88454,-1.79022,-1.78584,-3.52916,-1.4236,-0.922207,-0.852708,0.377199,0.521417,-2.88454,0.722887,0.88043,-3.52916,0.441964,0.213386,-1.70559,0.543929,0.60329
-3.44658,-2.07945,-1.50588,-1.6765,-2.3178,-2.03322,-0.82746,0.597122,0.931488,-2.83825,-3.59945,-3.16016,-1.6765,-3.09907,-2.17185,-0.82746,0.430325,0.34188,-2.83825,-1.76591,-1.75766,-3.44658,-1.40289,-0.901102,-0.82746,0.345561,0.505181,-2.83825,0.717848,0.866599,-3.44658,0.439034,0.208863,-1.6765,0.533445,0.593171
-3.36401,-2.01612,-1.46937,-1.64742,-2.25982,-1.99739,-0.802213,0.552882,0.903271,-2.79196,-3.54347,-3.10969,-1.64742,-3.0427,-2.13476,-0.802213,0.418394,0.329124,-2.79196,-1.7416,-1.72949,-3.36401,-1.3589,-0.879998,-0.802213,0.313923,0.488946,-2.79196,0.712809,0.852768,-3.36401,0.430147,0.204339,-1.64742,0.52296,0.583053
-3.28143,-1.95279,-1.43286,-1.61833,-2.20184,-1.96156,-0.776965,0.508642,0.875054,-2.74567,-3.48749,-3.05921,-1.61833,-2.98634,-2.09767,-0.776965,0.406463,0.316367,-2.74567,-1.71729,-1.70131,-3.28143,-1.31491,-0.858894,-0.776965,0.282284,0.472711,-2.74567,0.707769,0.838938,-3.28143,0.421261,0.199816,-1.61833,0.512475,0.572934
-3.19886,-1.88946,-1.39634,-1.58924,-2.14386,-1.92573,-0.751717,0.464402,0.846837,-2.69937,-3.43151,-3.00874,-1.58924,-2.92998,-2.06057,-0.751717,0.394532,0.303611,-2.69937,-1.69298,-1.67313,-3.19886,-1.27092,-0.83779,-0.751717,0.250646,0.456476,-2.69937,0.70273,0.825107,-3.19886,0.412374,0.195293,-1.58924,0.50199,0.562815
-3.11628,-1.82614,-1.35983,-1.56015,-2.08588,-1.8899,-0.726469,0.459191,0.818619,-2.65308,-3.37553,-2.95827,-1.56015,-2.87361,-2.02348,-0.726469,0.399235,0.290855,-2.65308,-1.66867,-1.64495,-3.11628,-1.22693,-0.816685,-0.726469,0.244348,0.44024,-2.65308,0.697691,0.811276,-3.11628,0.403487,0.190769,-1.56015,0.491505,0.552696
-3.03371,-1.76281,-1.32332,-1.53106,-2.0279,-1.85407,-0.701221,0.463796,0.790402,-2.60679,-3.31954,-2.9078,-1.53106,-2.81725,-1.98639,-0.701221,0.408121,0.278099,-2.60679,-1.64436,-1.61678,-3.03371,-1.18294,-0.795581,-0.701221,0.244423,0.424005,-2.60679,0.692652,0.797445,-3.03371,0.394601,0.186246,-1.53106,0.481021,0.542578
-2.95113,-1.69948,-1.2868,-1.50197,-1.96992,-1.81824,-0.675973,0.468401,0.762185,-2.5605,-3.26356,-2.85733,-1.50197,-2.76088,-1.9493,-0.675973,0.417007,0.265343,-2.5605,-1.62005,-1.5886,-2.95113,-1.13895,-0.774477,-0.675973,0.244498,0.40777,-2.5605,0.687613,0.783614,-2.95113,0.385714,0.181722,-1.50197,0.470536,0.532459
-2.86856,-1.63615,-1.25029,-1.47288,-1.91194,-1.78241,-0.650725,0.473006,0.733968,-2.5142,-3.20758,-2.80686,-1.47288,-2.70452,-1.9122,-0.650725,0.425893,0.252586,-2.5142,-1.59574,-1.56042,-2.86856,-1.09495,-0.753373,-0.650725,0.244573,0.391535,-2.5142,0.682573,0.769784,-2.86856,0.376827,0.177199,-1.47288,0.460051,0.52234
-2.78598,-1.57282,-1.21378,-1.44379,-1.85396,-1.74659,-0.625477,0.477611,0.705751,-2.46791,-3.1516,-2.75639,-1.44379,-2.64816,-1.87511,-0.625477,0.434779,0.23983,-2.46791,-1.57143,-1.53224,-2.78598,-1.05096,-0.732268,-0.625477,0.244647,0.3753,-2.46791,0.677534,0.755953,-2.78598,0.367941,0.172676,-1.44379,0.449566,0.512222
-2.7034,-1.5095,-1.17727,-1.4147,-1.79598,-1.71076,-0.600229,0.482216,0.677534,-2.42162,-3.09562,-2.70592,-1.4147,-2.59179,-1.83802,-0.600229,0.443665,0.227074,-2.42162,-1.54712,-1.50407,-2.7034,-1.00697,-0.711164,-0.600229,0.244722,0.359064,-2.42162,0.672495,0.742122,-2.7034,0.359054,0.168152,-1.4147,0.439081,0.502103
-2.62083,-1.44617,-1.14075,-1.38562,-1.73801,-1.67493,-0.574981,0.486821,0.649317,-2.37533,-3.03964,-2.65545,-1.38562,-2.53543,-1.80092,-0.574981,0.452551,0.214318,-2.37533,-1.52281,-1.47589,-2.62083,-0.962982,-0.69006,-0.574981,0.244797,0.342829,-2.37533,0.667456,0.728291,-2.62083,0.350168,0.163629,-1.38562,0.428596,0.491984
-2.53825,-1.38284,-1.10424,-1.35653,-1.68592,-1.6391,-0.549733,0.496034,0.621099,-2.32904,-2.98366,-2.60498,-1.35653,-2.44987,-1.76383,-0.549733,0.461161,0.201561,-2.32904,-1.4985,-1.44771,-2.53825,-0.918992,-0.668956,-0.549733,0.248192,0.326594,-2.32904,0.662417,0.71446,-2.53825,0.341281,0.159105,-1.35653,0.422427,0.481866
-2.45568,-1.31951,-1.06773,-1.32744,-1.6356,-1.60327,-0.524485,0.508497,0.592882,-2.28274,-2.92767,-2.55451,-1.32744,-2.35557,-1.72674,-0.524485,0.468296,0.188805,-2.28274,-1.47418,-1.41953,-2.45568,-0.875001,-0.647851,-0.524485,0.254115,0.310359,-2.28274,0.657377,0.700629,-2.45568,0.332394,0.154582,-1.32744,0.417549,0.471747
-2.3731,-1.25619,-1.03121,-1.29835,-1.58528,-1.56744,-0.499237,0.52096,0.564665,-2.23645,-2.87169,-2.50404,-1.29835,-2.26128,-1.68964,-0.499237,0.475432,0.176049,-2.23645,-1.44987,-1.39136,-2.3731,-0.83101,-0.626747,-0.499237,0.260038,0.294123,-2.23645,0.652338,0.686799,-2.3731,0.323508,0.150058,-1.29835,0.412672,0.461628
-2.29053,-1.19286,-0.994701,-1.26926,-1.53496,-1.53161,-0.473989,0.533424,0.536448,-2.19016,-2.81571,-2.45357,-1.26926,-2.16698,-1.65255,-0.473989,0.482568,0.163293,-2.19016,-1.42556,-1.36318,-2.29053,-0.787019,-0.605643,-0.473989,0.265961,0.277888,-2.19016,0.647299,0.672968,-2.29053,0.314621,0.145535,-1.26926,0.407794,0.451509
-2.20795,-1.12953,-0.958188,-1.24017,-1.48464,-1.49578,-0.448741,0.545887,0.508231,-2.14387,-2.75973,-2.4031,-1.24017,-2.07268,-1.61546,-0.448741,0.489703,0.150536,-2.14387,-1.40125,-1.335,-2.20795,-0.743028,-0.584539,-0.448741,0.271885,0.261653,-2.14387,0.64226,0.659137,-2.20795,0.305735,0.141012,-1.24017,0.402916,0.441391
-2.12538,-1.0662,-0.921675,-1.21108,-1.43432,-1.45995,-0.423493,0.55835,0.480014,-2.09758,-2.69941,-2.35263,-1.21108,-1.97838,-1.57836,-0.423493,0.496839,0.13778,-2.09758,-1.3761,-1.30683,-2.12538,-0.699038,-0.563434,-0.423493,0.277808,0.245418,-2.09758,0.636916,0.645306,-2.12538,0.296848,0.136488,-1.21108,0.398038,0.431272
-2.0428,-1.00288,-0.885163,-1.18199,-1.384,-1.42413,-0.398245,0.566518,0.451796,-2.05128,-2.61337,-2.30216,-1.18199,-1.88409,-1.54127,-0.398245,0.496572,0.125024,-2.05128,-1.34599,-1.27865,-2.0428,-0.655047,-0.54233,-0.398245,0.281758,0.229183,-2.05128,0.629767,0.631475,-2.0428,0.287961,0.131965,-1.18199,0.393161,0.421153
-1.96023,-0.939548,-0.84865,-1.1529,-1.33368,-1.3883,-0.372997,0.571156,0.423579,-2.00499,-2.52733,-2.25169,-1.1529,-1.78979,-1.50418,-0.372997,0.490219,0.112268,-2.00499,-1.31588,-1.25047,-1.96023,-0.611056,-0.521226,-0.372997,0.284087,0.212947,-2.00499,0.622618,0.617645,-1.96023,0.279075,0.127441,-1.1529,0.388283,0.411035
-1.87765,-0.87622,-0.812137,-1.12381,-1.28336,-1.35247,-0.347749,0.575794,0.395362,-1.9587,-2.44129,-2.20122,-1.12381,-1.69549,-1.46708,-0.347749,0.483866,0.0995115,-1.9587,-1.28576,-1.22229,-1.87765,-0.567065,-0.500122,-0.347749,0.286416,0.196712,-1.9587,0.615469,0.603814,-1.87765,0.270188,0.122918,-1.12381,0.383405,0.400916
-1.79508,-0.812892,-0.775624,-1.09473,-1.23304,-1.31664,-0.322501,0.580432,0.367145,-1.91241,-2.35525,-2.15075,-1.09473,-1.60119,-1.42999,-0.322501,0.477514,0.0867553,-1.91241,-1.25565,-1.19412,-1.79508,-0.523075,-0.479017,-0.322501,0.288745,0.180477,-1.91241,0.60832,0.589983,-1.79508,0.261301,0.118395,-1.09473,0.378527,0.390797
-1.7125,-0.749565,-0.739111,-1.06564,-1.18272,-1.28081,-0.297253,0.58507,0.338928,-1.86611,-2.26921,-2.10028,-1.06564,-1.5069,-1.3929,-0.297253,0.471161,0.0739991,-1.86611,-1.22554,-1.16594,-1.7125,-0.479084,-0.457913,-0.297253,0.291074,0.164242,-1.86611,0.601171,0.576152,-1.7125,0.252415,0.113871,-1.06564,0.37365,0.380679
-1.62993,-0.686237,-0.702598,-1.03655,-1.13265,-1.24498,-0.272005,0.589708,0.310711,-1.81982,-2.18317,-2.04981,-1.03655,-1.41254,-1.35581,-0.272005,0.464808,0.0612428,-1.81982,-1.19542,-1.13776,-1.62993,-0.435093,-0.436809,-0.272005,0.293403,0.148007,-1.81982,0.594022,0.562321,-1.62993,0.243528,0.109348,-1.03655,0.368796,0.37056
-1.54735,-0.625744,-0.666086,-1.00746,-1.08593,-1.20915,-0.246757,0.594346,0.282493,-1.77353,-2.09713,-1.99934,-1.00746,-1.31733,-1.31871,-0.246757,0.458456,0.0484866,-1.77353,-1.16531,-1.10958,-1.54735,-0.392604,-0.415705,-0.246757,0.295731,0.131771,-1.77353,0.586873,0.548491,-1.54735,0.233008,0.104824,-1.00746,0.364276,0.360441
-1.46478,-0.570851,-0.629573,-0.97837,-1.03921,-1.17332,-0.221509,0.598984,0.254276,-1.72724,-2.01109,-1.94887,-0.97837,-1.22211,-1.28162,-0.221509,0.452103,0.0357304,-1.72724,-1.1352,-1.08141,-1.46478,-0.353082,-0.3946,-0.221509,0.29806,0.115536,-1.72724,0.579724,0.53466,-1.46478,0.21926,0.100301,-0.97837,0.359756,0.350322
-1.3822,-0.515958,-0.59306,-0.949281,-0.992493,-1.13749,-0.196261,0.603621,0.226059,-1.68095,-1.92505,-1.8984,-0.949281,-1.1269,-1.24453,-0.196261,0.44575,0.0229741,-1.68095,-1.10508,-1.05323,-1.3822,-0.313559,-0.373496,-0.196261,0.300389,0.0993009,-1.68095,0.572575,0.520829,-1.3822,0.205512,0.0957776,-0.949281,0.355236,0.340204
-1.29963,-0.461065,-0.556547,-0.920193,-0.951501,-1.10167,-0.171013,0.608259,0.197842,-1.63465,-1.839,-1.84793,-0.920193,-1.05111,-1.20743,-0.171013,0.439398,0.0102179,-1.63465,-1.07497,-1.02505,-1.29963,-0.274037,-0.352392,-0.171013,0.302718,0.0830657,-1.63465,0.565426,0.506998,-1.29963,0.191764,0.0912542,-0.920193,0.348473,0.330085
-1.21705,-0.406172,-0.520034,-0.891104,-0.911876,-1.06584,-0.145765,0.599721,0.169625,-1.58836,-1.75296,-1.79745,-0.891104,-0.979953,-1.17034,-0.145765,0.418972,-0.00253834,-1.58836,-1.04486,-0.996874,-1.21705,-0.234515,-0.331288,-0.145765,0.29773,0.0668305,-1.58836,0.558278,0.493167,-1.21705,0.178016,0.0867308,-0.891104,0.341175,0.319966
-1.13448,-0.351279,-0.483521,-0.862015,-0.872251,-1.03001,-0.120517,0.573758,0.141408,-1.54207,-1.66692,-1.74698,-0.862015,-0.908797,-1.13325,-0.120517,0.381765,-0.0152946,-1.54207,-1.01474,-0.968697,-1.13448,-0.194992,-0.310184,-0.120517,0.282798,0.0505953,-1.54207,0.551129,0.479337,-1.13448,0.164268,0.0822074,-0.862015,0.333877,0.309848
-1.0519,-0.296387,-0.447009,-0.832926,-0.832626,-0.994179,-0.095269,0.547794,0.113191,-1.49578,-1.58088,-1.69651,-0.832926,-0.837641,-1.09615,-0.095269,0.344558,-0.0280508,-1.49578,-0.98463,-0.940519,-1.0519,-0.15547,-0.289079,-0.095269,0.267866,0.03436,-1.49578,0.54398,0.465506,-1.0519,0.15052,0.077684,-0.832926,0.326579,0.299729
-0.969325,-0.241494,-0.410496,-0.803837,-0.793001,-0.958351,-0.070021,0.521831,0.0849734,-1.44948,-1.49484,-1.64604,-0.803837,-0.766484,-1.05906,-0.070021,0.307351,-0.040807,-1.44948,-0.954516,-0.912342,-0.969325,-0.115948,-0.267975,-0.070021,0.252933,0.0181248,-1.44948,0.536831,0.451675,-0.969325,0.136772,0.0731606,-0.803837,0.319281,0.28961
-0.88675,-0.186601,-0.373983,-0.774748,-0.753376,-0.922522,-0.044773,0.495867,0.0567562,-1.40319,-1.4088,-1.59557,-0.774748,-0.695328,-1.02197,-0.044773,0.270144,-0.0535633,-1.40319,-0.924403,-0.884165,-0.88675,-0.0764252,-0.246871,-0.044773,0.238001,0.00188961,-1.40319,0.529682,0.437844,-0.88675,0.123024,0.0686372,-0.774748,0.311982,0.279492
-0.804174,-0.131708,-0.33747,-0.745659,-0.71375,-0.886693,-0.019525,0.469904,0.0285391,-1.3569,-1.32276,-1.5451,-0.745659,-0.624172,-0.984874,-0.019525,0.232937,-0.0663195,-1.3569,-0.894289,-0.855987,-0.804174,-0.0369028,-0.225767,-0.019525,0.223069,-0.0143456,-1.3569,0.522533,0.424013,-0.804174,0.109276,0.0641138,-0.745659,0.304684,0.269373
-0.721599,-0.0798043,-0.300957,-0.71657,-0.674125,-0.850864,0.00572299,0.44394,0.000321912,-1.31061,-1.23672,-1.49463,-0.71657,-0.553015,-0.947781,0.00572299,0.19573,-0.0790757,-1.31061,-0.864176,-0.82781,-0.721599,-0.000855802,-0.204662,0.00572299,0.208137,-0.0305808,-1.31061,0.515384,0.410182,-0.721599,0.0949621,0.0595904,-0.71657,0.297386,0.259254
-0.639024,-0.033075,-0.264444,-0.687481,-0.6345,-0.815035,0.030971,0.417977,-0.0278952,-1.26432,-1.15383,-1.44416,-0.687481,-0.481859,-0.910688,0.030971,0.158523,-0.091832,-1.26432,-0.833888,-0.799632,-0.639024,0.0290624,-0.183558,0.030971,0.193205,-0.046816,-1.26432,0.507277,0.396352,-0.639024,0.0797375,0.055067,-0.687481,0.290088,0.249135
-0.556449,0.0102782,-0.227932,-0.658392,-0.594875,-0.779206,0.056219,0.382192,-0.0561124,-1.21802,-1.08046,-1.39369,-0.658392,-0.410703,-0.873595,0.056219,0.112538,-0.104588,-1.21802,-0.803073,-0.771455,-0.556449,0.054735,-0.162454,0.056219,0.172568,-0.0630513,-1.21802,0.496265,0.382521,-0.556449,0.0640697,0.0505436,-0.658392,0.28279,0.239017
-0.473874,0.0536314,-0.191419,-0.629303,-0.55525,-0.743378,0.0814669,0.332059,-0.0843296,-1.17173,-1.00709,-1.34322,-0.629303,-0.339547,-0.836502,0.0814669,0.0537873,-0.117344,-1.17173,-0.772258,-0.743278,-0.473874,0.0804076,-0.14135,0.0814669,0.143589,-0.0792865,-1.17173,0.485254,0.36869,-0.473874,0.0484018,0.0460202,-0.629303,0.275492,0.228898
-0.391298,0.0969847,-0.154906,-0.600215,-0.515625,-0.707549,0.106715,0.275058,-0.112547,-1.12544,-0.933723,-1.29275,-0.600215,-0.26839,-0.799409,0.106715,-0.0108459,-0.130101,-1.12544,-0.741443,-0.7151,-0.391298,0.10608,-0.120245,0.106715,0.110589,-0.0955217,-1.12544,0.474242,0.354859,-0.391298,0.032734,0.0414968,-0.600215,0.268194,0.218779
-0.308723,0.138566,-0.118393,-0.571126,-0.476,-0.67172,0.131963,0.20506,-0.140764,-1.07915,-0.860356,-1.24228,-0.571126,-0.197234,-0.762316,0.131963,-0.085595,-0.142857,-1.07915,-0.710628,-0.686923,-0.308723,0.129481,-0.0991411,0.131963,0.0700167,-0.111757,-1.07915,0.46323,0.341028,-0.308723,0.0168601,0.0369734,-0.571126,0.260896,0.208661
-0.226148,0.177055,-0.0818802,-0.542037,-0.436374,-0.635891,0.157211,0.132155,-0.168981,-1.03286,-0.786989,-1.19181,-0.542037,-0.126078,-0.725222,0.157211,-0.162592,-0.155613,-1.03286,-0.679813,-0.658746,-0.226148,0.148909,-0.0780369,0.157211,0.0277511,-0.127992,-1.03286,0.452219,0.327198,-0.226148,0.000632054,0.03245,-0.542037,0.253597,0.198542
-0.143573,0.213474,-0.0453674,-0.512948,-0.396749,-0.600062,0.182459,0.0592505,-0.197198,-0.986563,-0.713622,-1.14134,-0.512948,-0.0549213,-0.688129,0.182459,-0.239589,-0.168369,-0.986563,-0.648997,-0.630568,-0.143573,0.165634,-0.0569326,0.182459,-0.0145145,-0.144227,-0.986563,0.441207,0.313367,-0.143573,-0.0158075,0.0279266,-0.512948,0.246299,0.188423
-0.0609974,0.24765,-0.00885456,-0.483859,-0.357124,-0.564233,0.207707,-0.0136543,-0.225415,-0.940271,-0.640254,-1.09087,-0.483859,0.016235,-0.651036,0.207707,-0.316587,-0.181126,-0.940271,-0.618182,-0.602391,-0.0609974,0.179408,-0.0358284,0.207707,-0.0567801,-0.160463,-0.940271,0.430195,0.299536,-0.0609974,-0.0324611,0.0234032,-0.483859,0.239001,0.178305
0.0215779,0.278598,0.0276583,-0.45477,-0.317499,-0.528404,0.232955,-0.0865592,-0.253633,-0.893979,-0.566887,-1.0404,-0.45477,0.0873913,-0.613943,0.232955,-0.393584,-0.193882,-0.893979,-0.587367,-0.574213,0.0215779,0.188998,-0.0147241,0.232955,-0.0990457,-0.176698,-0.893979,0.419184,0.285705,0.0215779,-0.0493011,0.0188798,-0.45477,0.231703,0.168186
0.104153,0.308596,0.0641711,-0.425681,-0.277874,-0.492576,0.258203,-0.171322,-0.28185,-0.847686,-0.49352,-0.989928,-0.425681,0.158548,-0.57685,0.258203,-0.478111,-0.206638,-0.847686,-0.556552,-0.546036,0.104153,0.197359,0.00638011,0.258203,-0.148146,-0.192933,-0.847686,0.408172,0.271874,0.104153,-0.0661929,0.0143564,-0.425681,0.224405,0.158067
0.186728,0.3383,0.100684,-0.396592,-0.238249,-0.456747,0.283451,-0.260707,-0.310067,-0.801394,-0.420153,-0.939458,-0.396592,0.229704,-0.539757,0.283451,-0.564615,-0.219394,-0.801394,-0.525737,-0.517859,0.186728,0.20536,0.0274843,0.283451,-0.199869,-0.209168,-0.801394,0.397161,0.258044,0.186728,-0.0830797,0.00983296,-0.396592,0.217107,0.147948
0.269304,0.361701,0.137197,-0.367503,-0.198624,-0.420918,0.308699,-0.350093,-0.338284,-0.755102,-0.346785,-0.888987,-0.367503,0.30086,-0.502664,0.308699,-0.651119,-0.232151,-0.755102,-0.494921,-0.489681,0.269304,0.206101,0.0485886,0.308699,-0.251593,-0.225403,-0.755102,0.386149,0.244213,0.269304,-0.099323,0.00530956,-0.367503,0.209809,0.13783
0.351879,0.384251,0.17371,-0.338414,-0.158998,-0.385089,0.333947,-0.443333,-0.366501,-0.70881,-0.273418,-0.838517,-0.338414,0.372017,-0.465571,0.333947,-0.737334,-0.244907,-0.70881,-0.464106,-0.461504,0.351879,0.205914,0.0696928,0.333947,-0.305418,-0.241639,-0.70881,0.375137,0.230382,0.351879,-0.115425,0.000786152,-0.338414,0.20251,0.127711
0.434454,0.406801,0.210222,-0.309326,-0.119373,-0.34926,0.359195,-0.538501,-0.394718,-0.662518,-0.200051,-0.788046,-0.309326,0.443173,-0.428477,0.359195,-0.823405,-0.257663,-0.662518,-0.433291,-0.433327,0.434454,0.205727,0.0907971,0.359195,-0.360295,-0.257874,-0.662518,0.364126,0.216551,0.434454,-0.131527,-0.00373725,-0.309326,0.195212,0.117592
0.517029,0.429352,0.246735,-0.280237,-0.0797481,-0.313431,0.384443,-0.633669,-0.422935,-0.616225,-0.14573,-0.737576,-0.280237,0.514329,-0.391384,0.384443,-0.909476,-0.270419,-0.616225,-0.403207,-0.405149,0.517029,0.20554,0.111901,0.384443,-0.415173,-0.274109,-0.616225,0.350005,0.20272,0.517029,-0.147628,-0.00826066,-0.280237,0.187914,0.107474
0.599605,0.449468,0.283248,-0.251148,-0.0444146,-0.277602,0.409691,-0.729092,-0.451153,-0.569933,-0.0949793,-0.687105,-0.251148,0.560965,-0.354291,0.409691,-0.995136,-0.283175,-0.569933,-0.373261,-0.376972,0.599605,0.202954,0.133006,0.409691,-0.470172,-0.290344,-0.569933,0.335301,0.18889,0.599605,-0.163042,-0.0127841,-0.251148,0.177593,0.097355
0.68218,0.465449,0.319761,-0.222059,-0.0122423,-0.241774,0.434939,-0.82623,-0.47937,-0.523641,-0.0442288,-0.636635,-0.222059,0.589538,-0.317198,0.434939,-1.07717,-0.295932,-0.523641,-0.343314,-0.348794,0.68218,0.1966,0.15411,0.434939,-0.525954,-0.306579,-0.523641,0.320598,0.175059,0.68218,-0.176949,-0.0173075,-0.222059,0.165045,0.0872363
0.764755,0.480969,0.356274,-0.19297,0.01993,-0.205945,0.460187,-0.923399,-0.507587,-0.477349,0.00652166,-0.586165,-0.19297,0.618112,-0.280105,0.460187,-1.15726,-0.308688,-0.477349,-0.313368,-0.320617,0.764755,0.189899,0.175214,0.460187,-0.581669,-0.322815,-0.477349,0.305894,0.161228,0.764755,-0.19061,-0.0218309,-0.19297,0.152497,0.0771176
0.84733,0.490451,0.392787,-0.163881,0.0509132,-0.170116,0.485435,-1.02011,-0.535804,-0.431057,0.0572722,-0.535694,-0.163881,0.637637,-0.243012,0.485435,-1.23404,-0.321444,-0.431057,-0.283421,-0.29244,0.84733,0.179447,0.196318,0.485435,-0.63699,-0.33905,-0.431057,0.291191,0.147397,0.84733,-0.200167,-0.0263543,-0.163881,0.138808,0.0669989
0.929905,0.499933,0.429299,-0.134792,0.08143,-0.134287,0.510683,-1.11086,-0.564021,-0.384765,0.108023,-0.485224,-0.134792,0.653479,-0.205919,0.510683,-1.29376,-0.3342,-0.384765,-0.253474,-0.264262,0.929905,0.168995,0.217423,0.510683,-0.688295,-0.355285,-0.384765,0.276487,0.133566,0.929905,-0.209723,-0.0308777,-0.134792,0.124654,0.0568802
1.01248,0.509415,0.465812,-0.105703,0.111329,-0.0984582,0.535931,-1.20161,-0.592238,-0.338472,0.158773,-0.434753,-0.105703,0.664372,-0.168826,0.535931,-1.35348,-0.346957,-0.338472,-0.223528,-0.236085,1.01248,0.158543,0.238527,0.535931,-0.7396,-0.37152,-0.338472,0.261784,0.119736,1.01248,-0.21928,-0.0354011,-0.105703,0.109873,0.0467615
1.09506,0.518897,0.502325,-0.0766143,0.139872,-0.0626293,0.561179,-1.29236,-0.620456,-0.29218,0.20874,-0.384283,-0.0766143,0.663846,-0.131732,0.561179,-1.4132,-0.359713,-0.29218,-0.193625,-0.207908,1.09506,0.148091,0.259631,0.561179,-0.790904,-0.387756,-0.29218,0.246973,0.105905,1.09506,-0.228836,-0.0399245,-0.0766143,0.0936421,0.0366428
1.17763,0.528379,0.538838,-0.0475254,0.167922,-0.0268004,0.586427,-1.38311,-0.648673,-0.245888,0.238275,-0.333813,-0.0475254,0.659125,-0.0946393,0.586427,-1.47292,-0.372469,-0.245888,-0.164861,-0.17973,1.17763,0.137639,0.280735,0.586427,-0.842209,-0.403991,-0.245888,0.229361,0.0920739,1.17763,-0.238392,-0.0444479,-0.0475254,0.0768787,0.0265241
1.26021,0.535139,0.575351,-0.0184364,0.195972,0.0090284,0.611675,-1.47386,-0.67689,-0.199596,0.26781,-0.283342,-0.0184364,0.654404,-0.0575462,0.611675,-1.53264,-0.385225,-0.199596,-0.136097,-0.151553,1.26021,0.126412,0.301839,0.611675,-0.893514,-0.420226,-0.199596,0.21175,0.0782431,1.26021,-0.245101,-0.0489713,-0.0184364,0.0601153,0.0164054
1.34278,0.537569,0.611864,0.0106525,0.224022,0.0448573,0.636923,-1.56461,-0.705107,-0.153304,0.297344,-0.232872,0.0106525,0.649684,-0.0204531,0.636923,-1.59237,-0.397982,-0.153304,-0.107333,-0.123375,1.34278,0.113952,0.322944,0.636923,-0.944818,-0.436461,-0.153304,0.194139,0.0644123,1.34278,-0.247279,-0.0534947,0.0106525,0.0433519,0.00628666
1.42536,0.539999,0.648376,0.0397414,0.250558,0.0806861,0.662171,-1.56168,-0.733324,-0.107011,0.326879,-0.182401,0.0397414,0.631378,0.01664,0.662171,-1.49604,-0.410738,-0.107011,-0.0785695,-0.0951981,1.42536,0.101493,0.344048,0.662171,-0.937918,-0.452696,-0.107011,0.176527,0.0505815,1.42536,-0.249456,-0.0580181,0.0397414,0.0248575,-0.00383204
1.50793,0.542429,0.684889,0.0688303,0.276348,0.116515,0.687419,-1.54158,-0.761541,-0.0607193,0.356414,-0.131931,0.0688303,0.606373,0.0537332,0.687419,-1.3711,-0.423494,-0.0607193,-0.0498056,-0.0670207,1.50793,0.0890328,0.365152,0.687419,-0.920347,-0.468932,-0.0607193,0.158916,0.0367507,1.50793,-0.251634,-0.0625415,0.0688303,0.00550947,-0.0139507
1.59051,0.542827,0.721402,0.0979192,0.302137,0.152344,0.712667,-1.52147,-0.789759,-0.0144271,0.385949,-0.0814605,0.0979192,0.581368,0.0908263,0.712667,-1.24616,-0.43625,-0.0144271,-0.0210417,-0.0388433,1.59051,0.0767497,0.386256,0.712667,-0.902776,-0.485167,-0.0144271,0.141304,0.0229199,1.59051,-0.250862,-0.0670649,0.0979192,-0.0138386,-0.0240694
1.67308,0.531603,0.757915,0.127008,0.327109,0.188173,0.737915,-1.50136,-0.817976,0.0318651,0.403372,-0.0309901,0.127008,0.548734,0.127919,0.737915,-1.12122,-0.449006,0.0318651,0.00697815,-0.0106659,1.67308,0.0825893,0.407361,0.737915,-0.885205,-0.501402,0.0318651,0.122137,0.00908905,1.67308,-0.214582,-0.0715883,0.127008,-0.0341558,-0.0341881
1.75566,0.51901,0.794428,0.156097,0.350504,0.224002,0.763163,-1.48126,-0.846193,0.0781572,0.414386,0.0194803,0.156097,0.505583,0.165013,0.763163,-0.996277,-0.461763,0.0781572,0.0345874,0.0175114,1.75566,0.090763,0.428465,0.763163,-0.867635,-0.517637,0.0781572,0.102171,-0.00474176,1.75566,-0.1739,-0.0761117,0.156097,-0.0554439,-0.0443068
1.83823,0.506416,0.830941,0.185186,0.37261,0.25983,0.788411,-1.46115,-0.87441,0.124449,0.422985,0.0699508,0.185186,0.456758,0.202106,0.788411,-0.871337,-0.474519,0.124449,0.0620404,0.0456888,1.83823,0.0989366,0.449569,0.788411,-0.850064,-0.533873,0.124449,0.0819078,-0.0185726,1.83823,-0.133218,-0.0806351,0.185186,-0.0769035,-0.0544255
1.92081,0.493822,0.867453,0.214275,0.394715,0.295659,0.813658,-1.44105,-0.902627,0.170742,0.431294,0.120421,0.214275,0.407933,0.239199,0.813658,-0.746397,-0.487275,0.170742,0.0894741,0.0738662,1.92081,0.10711,0.470673,0.813658,-0.832493,-0.550108,0.170742,0.0616087,-0.0324034,1.92081,-0.0925365,-0.0851585,0.214275,-0.0983631,-0.0645442
2.00338,0.481229,0.903966,0.243364,0.416821,0.331488,0.838906,-1.42094,-0.930844,0.217034,0.429388,0.170892,0.243364,0.359108,0.276292,0.838906,-0.621458,-0.500031,0.217034,0.116232,0.102044,2.00338,0.115284,0.491778,0.838906,-0.814922,-0.566343,0.217034,0.04007,-0.0462342,2.00338,-0.0518548,-0.0896819,0.243364,-0.119823,-0.0746629
2.08596,0.468635,0.940479,0.272453,0.438926,0.367317,0.864154,-1.40084,-0.959061,0.263326,0.427482,0.221362,0.272453,0.310284,0.313385,0.864154,-0.496518,-0.512788,0.263326,0.14299,0.130221,2.08596,0.123458,0.512882,0.864154,-0.797351,-0.582578,0.263326,0.0185313,-0.060065,2.08596,-0.0111731,-0.0942053,0.272453,-0.141282,-0.0847816
2.16853,0.456042,0.976992,0.301542,0.461031,0.403146,0.889402,-1.38073,-0.987279,0.309618,0.420069,0.271832,0.301542,0.261459,0.350478,0.889402,-0.371578,-0.525544,0.309618,0.169375,0.158398,2.16853,0.131631,0.533986,0.889402,-0.77978,-0.598813,0.309618,-0.00366158,-0.0738958,2.16853,0.0295086,-0.0987287,0.301542,-0.162742,-0.0949003
2.25111,0.443448,1.0135,0.33063,0.479795,0.438975,0.91465,-1.36062,-1.0155,0.35591,0.407595,0.322303,0.33063,0.221011,0.387571,0.91465,-0.246639,-0.5383,0.35591,0.195416,0.186576,2.25111,0.139805,0.55509,0.91465,-0.762209,-0.615049,0.35591,-0.0264556,-0.0877266,2.25111,0.0701904,-0.103252,0.33063,-0.179773,-0.105019
2.33368,0.430855,1.05002,0.359719,0.498038,0.474803,0.939898,-1.34052,-1.04371,0.402203,0.393628,0.372773,0.359719,0.181866,0.424664,0.939898,-0.121699,-0.551056,0.402203,0.221352,0.214753,2.33368,0.147978,0.576195,0.939898,-0.744638,-0.631284,0.402203,-0.0494659,-0.101557,2.33368,0.110872,-0.107776,0.359719,-0.196116,-0.115138
2.41626,0.418261,1.08653,0.388808,0.516282,0.510632,0.965146,-1.32041,-1.07193,0.448495,0.373635,0.423244,0.388808,0.142721,0.461758,0.965146,0.00324045,-0.563813,0.448495,0.246862,0.24293,2.41626,0.156152,0.597299,0.965146,-0.727067,-0.647519,0.448495,-0.0733638,-0.115388,2.41626,0.151554,-0.112299,0.388808,-0.212458,-0.125256
2.49883,0.405667,1.12304,0.417897,0.534525,0.546461,0.990394,-1.30031,-1.10015,0.494787,0.351404,0.473714,0.417897,0.103575,0.498851,0.990394,0.12818,-0.576569,0.494787,0.272157,0.271108,2.49883,0.164326,0.618403,0.990394,-0.709496,-0.663754,0.494787,-0.0986691,-0.129219,2.49883,0.192236,-0.116822,0.417897,-0.228801,-0.135375
2.58141,0.393074,1.15956,0.446986,0.552769,0.58229,1.01564,-1.2802,-1.12836,0.541079,0.329499,0.524184,0.446986,0.0644301,0.535944,1.01564,0.25312,-0.589325,0.541079,0.297372,0.299285,2.58141,0.172499,0.639507,1.01564,-0.691925,-0.679989,0.541079,-0.125873,-0.14305,2.58141,0.232917,-0.121346,0.446986,-0.245143,-0.145494
2.66399,0.38048,1.19607,0.476075,0.571012,0.618119,1.04089,-1.2601,-1.15658,0.587371,0.312019,0.574655,0.476075,0.0252848,0.573037,1.04089,0.378059,-0.602081,0.587371,0.322676,0.327463,2.66399,0.180673,0.660612,1.04089,-0.674354,-0.696225,0.587371,-0.156698,-0.156881,2.66399,0.273599,-0.125869,0.476075,-0.261486,-0.155613
2.74656,0.367887,1.23258,0.505164,0.585615,0.653948,1.06614,-1.23999,-1.1848,0.633663,0.300958,0.625125,0.505164,0.0275991,0.61013,1.06614,0.502999,-0.614837,0.633663,0.348175,0.35564,2.74656,0.188847,0.681716,1.06614,-0.656783,-0.71246,0.633663,-0.191492,-0.170711,2.74656,0.314281,-0.130393,0.505164,-0.266176,-0.165731
2.82914,0.355293,1.26909,0.534253,0.600195,0.689777,1.09139,-1.21989,-1.21302,0.679956,0.289898,0.675596,0.534253,0.0301793,0.647223,1.09139,0.627939,-0.627594,0.679956,0.373673,0.383817,2.82914,0.19702,0.70282,1.09139,-0.639212,-0.728695,0.679956,-0.226287,-0.184542,2.82914,0.354962,-0.134916,0.534253,-0.270792,-0.17585
2.91171,0.3427,1.30561,0.563342,0.614775,0.725605,1.11663,-1.19978,-1.24123,0.726248,0.290862,0.726066,0.563342,0.0327595,0.684316,1.11663,0.752878,-0.64035,0.726248,0.399618,0.411995,2.91171,0.205194,0.723924,1.11663,-0.621641,-0.74493,0.726248,-0.26701,-0.198373,2.91171,0.395644,-0.139439,0.563342,-0.275408,-0.185969
2.99429,0.330106,1.34212,0.592431,0.629355,0.761434,1.14188,-1.17967,-1.26945,0.77254,0.314801,0.776537,0.592431,0.0353397,0.721409,1.14188,0.877818,-0.653106,0.77254,0.426493,0.440172,2.99429,0.213368,0.745029,1.14188,-0.604071,-0.761166,0.77254,-0.317583,-0.212204,2.99429,0.436326,-0.143963,0.592431,-0.280024,-0.196087
3.07686,0.317513,1.37863,0.621519,0.643393,0.797263,1.16713,-1.15957,-1.29767,0.818832,0.345485,0.827007,0.621519,0.0473115,0.758503,1.16713,1.00276,-0.665862,0.818832,0.453646,0.468349,3.07686,0.221541,0.766133,1.16713,-0.5865,-0.777401,0.818832,-0.370973,-0.226035,3.07686,0.477008,-0.148486,0.621519,-0.282225,-0.206206
3.15944,0.304919,1.41515,0.650608,0.65533,0.833092,1.19238,-1.13946,-1.32588,0.865124,0.376169,0.877477,0.650608,0.0988724,0.795596,1.19238,1.1277,-0.678619,0.865124,0.480798,0.496527,3.15944,0.229715,0.787237,1.19238,-0.568929,-0.793636,0.865124,-0.424364,-0.239866,3.15944,0.517689,-0.15301,0.650608,-0.274394,-0.216325
3.24201,0.292325,1.45166,0.679697,0.66699,0.868921,1.21763,-1.11936,-1.3541,0.911416,0.474533,0.927948,0.679697,0.156336,0.832689,1.21763,1.25264,-0.691375,0.911416,0.51089,0.524704,3.24201,0.237888,0.808341,1.21763,-0.551358,-0.809871,0.911416,-0.503005,-0.253696,3.24201,0.558371,-0.157533,0.679697,-0.265096,-0.226443
3.32459,0.279732,1.48817,0.708786,0.67835,0.90475,1.24287,-1.09925,-1.38232,0.957709,0.582881,0.978418,0.708786,0.220782,0.869782,1.24287,1.37758,-0.704131,0.957709,0.541415,0.552882,3.32459,0.246062,0.829446,1.24287,-0.533787,-0.826106,0.957709,-0.585371,-0.267527,3.32459,0.599053,-0.162056,0.708786,-0.254085,-0.236562
3.40716,0.267138,1.52468,0.737875,0.68828,0.940579,1.26812,-1.07915,-1.41054,1.004,0.691228,1.02889,0.737875,0.320207,0.906875,1.26812,1.50252,-0.716887,1.004,0.571941,0.581059,3.40716,0.254236,0.85055,1.26812,-0.516216,-0.842342,1.004,-0.667737,-0.281358,3.40716,0.639734,-0.16658,0.737875,-0.234548,-0.246681
3.48974,0.254545,1.5612,0.766964,0.697597,0.976407,1.29337,-1.05904,-1.43875,1.05029,0.799575,1.07936,0.766964,0.435702,0.943968,1.29337,1.62746,-0.729644,1.05029,0.602466,0.609236,3.48974,0.262409,0.871654,1.29337,-0.498645,-0.858577,1.05029,-0.750103,-0.295189,3.48974,0.680416,-0.171103,0.766964,-0.211131,-0.2568
3.57231,0.241951,1.59771,0.796053,0.706914,1.01224,1.31862,-1.03893,-1.46697,1.09659,0.907923,1.12983,0.796053,0.551197,0.981061,1.31862,1.7524,-0.7424,1.09659,0.632992,0.637414,3.57231,0.270583,0.892758,1.31862,-0.481074,-0.874812,1.09659,-0.832469,-0.30902,3.57231,0.721098,-0.175627,0.796053,-0.187714,-0.266918
