CL_abscissa,CL_pdf,CL_cdf,Vc_abscissa,Vc_pdf,Vc_cdf,Q1_abscissa,Q1_pdf,Q1_cdf,Vp1_abscissa,Vp1_pdf,Vp1_cdf,split
0.0843718,0.0847223,0.000805692,2.14832,0.000717781,0.000110312,0.00170178,36.7358,0.029815,1.43905,0.0481279,0.041065,All
0.0932589,0.16791,0.00189863,2.30027,0.00159597,0.000278881,0.00302405,48.8097,0.0880965,2.63164,0.0536812,0.103194,All
0.102146,0.294957,0.00392045,2.45223,0.00319637,0.000631817,0.00434632,50.5107,0.154439,3.82423,0.0512967,0.166144,All
0.111033,0.470792,0.00728623,2.60418,0.00585738,0.00130396,0.00566859,48.2356,0.219973,5.01682,0.0470131,0.224836,All
0.11992,0.695459,0.0124335,2.75614,0.00994648,0.0024843,0.00699085,44.5772,0.28141,6.20942,0.0425178,0.278208,All
0.128807,0.964141,0.0197782,2.90809,0.0158146,0.00441702,0.00831312,40.6,0.337727,7.40201,0.0383204,0.326372,All
0.137694,1.26799,0.0296747,3.06005,0.0237457,0.00739519,0.00963539,36.7428,0.388835,8.5946,0.0345557,0.369783,All
0.146581,1.59543,0.0423855,3.212,0.0339121,0.0117471,0.0109577,33.176,0.435024,9.7872,0.0312304,0.408969,All
0.155468,1.93357,0.0580636,3.36396,0.046342,0.0178164,0.0122799,29.9515,0.476722,10.9798,0.028308,0.444433,All
0.164355,2.26955,0.0767464,3.51591,0.0609055,0.0259392,0.0136022,27.0684,0.514383,12.1724,0.0257407,0.47663,All
0.173242,2.59151,0.098361,3.66787,0.0773191,0.0364201,0.0149245,24.504,0.548446,13.365,0.0234815,0.505952,All
0.182129,2.88939,0.122737,3.81982,0.0951671,0.0495101,0.0162467,22.2275,0.579312,14.5576,0.0214876,0.532743,All
0.191016,3.15525,0.149622,3.97178,0.113935,0.0653891,0.017569,20.2067,0.60734,15.7502,0.0197219,0.557295,All
0.199903,3.38343,0.178706,4.12373,0.133051,0.0841538,0.0188913,18.411,0.632848,16.9428,0.0181526,0.579861,All
0.20879,3.57048,0.209637,4.27569,0.151924,0.105812,0.0202135,16.8128,0.656115,18.1353,0.0167529,0.600659,All
0.217677,3.71496,0.242042,4.42764,0.169988,0.130284,0.0215358,15.3874,0.677386,19.3279,0.0155001,0.619878,All
0.226564,3.81708,0.275542,4.5796,0.18673,0.157406,0.0228581,14.1132,0.696875,20.5205,0.014375,0.637681,All
0.235451,3.87846,0.309766,4.73155,0.201716,0.186944,0.0241803,12.9715,0.714767,21.7131,0.0133612,0.65421,All
0.244339,3.90172,0.344365,4.88351,0.214605,0.218604,0.0255026,11.9462,0.731229,22.9057,0.0124449,0.669589,All
0.253226,3.89023,0.379013,5.03546,0.225159,0.252047,0.0268249,11.0231,0.746405,24.0983,0.0116143,0.683927,All
0.262113,3.84781,0.413418,5.18742,0.233237,0.286906,0.0281472,10.1901,0.76042,25.2909,0.0108593,0.697321,All
0.271,3.77847,0.447324,5.33937,0.238797,0.322802,0.0294694,9.43672,0.773388,26.4835,0.0101712,0.709855,All
0.279887,3.68631,0.48051,5.49133,0.241877,0.359353,0.0307917,8.75383,0.785407,27.6761,0.00954243,0.721605,All
0.288774,3.57529,0.512789,5.64328,0.242586,0.396191,0.032114,8.13352,0.796565,28.8687,0.00896658,0.732637,All
0.297661,3.44919,0.544013,5.79524,0.241092,0.432966,0.0334362,7.56887,0.806941,30.0613,0.008438,0.74301,All
0.306548,3.31149,0.574061,5.94719,0.237601,0.46936,0.0347585,7.05386,0.816603,31.2539,0.00795178,0.75278,All
0.315435,3.16535,0.602846,6.09915,0.232348,0.505086,0.0360808,6.58324,0.825614,32.4465,0.0075036,0.761992,All
0.324322,3.0136,0.630306,6.2511,0.225583,0.539896,0.037403,6.15238,0.83403,33.6391,0.0070897,0.770691,All
0.333209,2.8587,0.656401,6.40306,0.217562,0.573579,0.0387253,5.75722,0.8419,34.8316,0.00670675,0.778915,All
0.342096,2.70278,0.681114,6.55501,0.208534,0.605964,0.0400476,5.39418,0.84927,36.0242,0.00635183,0.786699,All
0.350983,2.54763,0.704443,6.70697,0.198738,0.636916,0.0413698,5.06011,0.856178,37.2168,0.00602233,0.794075,All
0.35987,2.39475,0.726402,6.85892,0.188396,0.666335,0.0426921,4.7522,0.862663,38.4094,0.00571595,0.801072,All
0.368757,2.24536,0.747018,7.01088,0.177708,0.694154,0.0440144,4.46799,0.868756,39.602,0.00543063,0.807717,All
0.377644,2.10042,0.766325,7.16283,0.166855,0.720334,0.0453367,4.20526,0.874488,40.7946,0.00516454,0.814033,All
0.386531,1.96068,0.784366,7.31479,0.155994,0.744863,0.0466589,3.96204,0.879886,41.9872,0.00491604,0.820042,All
0.395418,1.82669,0.801191,7.46674,0.145256,0.767749,0.0479812,3.73659,0.884974,43.1798,0.00468366,0.825765,All
0.404305,1.69883,0.816852,7.6187,0.134752,0.789019,0.0493035,3.52732,0.889774,44.3724,0.00446607,0.83122,All
0.413192,1.57736,0.831405,7.77066,0.124573,0.808718,0.0506257,3.33284,0.894308,45.565,0.00426208,0.836423,All
0.422079,1.46239,0.844907,7.92261,0.114787,0.826898,0.051948,3.15189,0.898594,46.7576,0.00407063,0.84139,All
0.430966,1.35395,0.857417,8.07457,0.105449,0.843625,0.0532703,2.98331,0.902649,47.9502,0.00389073,0.846137,All
0.439853,1.25198,0.868991,8.22652,0.0965956,0.85897,0.0545925,2.82609,0.906489,49.1428,0.0037215,0.850675,All
0.44874,1.15638,0.879688,8.37848,0.08825,0.873008,0.0559148,2.6793,0.910127,50.3354,0.00356215,0.855017,All
0.457627,1.06695,0.889563,8.53043,0.0804249,0.885817,0.0572371,2.54211,0.913578,51.5279,0.00341195,0.859175,All
0.466514,0.983502,0.89867,8.68239,0.0731231,0.897476,0.0585593,2.41375,0.916854,52.7205,0.00327023,0.863159,All
0.475401,0.905787,0.907061,8.83434,0.0663393,0.908066,0.0598816,2.29354,0.919965,53.9131,0.00313639,0.866978,All
0.484288,0.833549,0.914786,8.9863,0.0600621,0.917663,0.0612039,2.18085,0.922923,55.1057,0.00300988,0.870642,All
0.493176,0.766515,0.921892,9.13825,0.054275,0.926344,0.0625261,2.07511,0.925736,56.2983,0.00289019,0.87416,All
0.502063,0.704407,0.928425,9.29021,0.0489578,0.934181,0.0638484,1.97582,0.928413,57.4909,0.00277685,0.877539,All
0.51095,0.646942,0.934426,9.44216,0.0440875,0.941245,0.0651707,1.88248,0.930963,58.6835,0.00266945,0.880786,All
0.519837,0.593843,0.939936,9.59412,0.0396395,0.947602,0.066493,1.79467,0.933394,59.8761,0.0025676,0.883908,All
0.528724,0.544834,0.944993,9.74607,0.0355878,0.953312,0.0678152,1.712,0.935712,61.0687,0.00247092,0.886912,All
0.537611,0.499649,0.949632,9.89803,0.0319064,0.958436,0.0691375,1.63409,0.937923,62.2613,0.00237909,0.889803,All
0.546498,0.458028,0.953885,10.05,0.0285689,0.963026,0.0704598,1.56063,0.940035,63.4539,0.00229181,0.892588,All
0.555385,0.419726,0.957782,10.2019,0.0255497,0.967134,0.071782,1.4913,0.942052,64.6465,0.00220878,0.895271,All
0.564272,0.384504,0.961354,10.3539,0.0228239,0.970806,0.0731043,1.42582,0.943981,65.8391,0.00212976,0.897858,All
0.573159,0.352139,0.964625,10.5058,0.0203673,0.974084,0.0744266,1.36394,0.945825,67.0317,0.00205449,0.900353,All
0.582046,0.322419,0.967621,10.6578,0.0181573,0.977008,0.0757488,1.30542,0.947589,68.2243,0.00198276,0.90276,All
0.590933,0.295144,0.970363,10.8098,0.0161721,0.979614,0.0770711,1.25003,0.949278,69.4168,0.00191435,0.905083,All
0.59982,0.270126,0.972873,10.9617,0.0143916,0.981934,0.0783934,1.19758,0.950896,70.6094,0.00184907,0.907327,All
0.608707,0.24719,0.975171,11.1137,0.0127969,0.983997,0.0797156,1.14788,0.952446,71.802,0.00178674,0.909495,All
0.617594,0.226171,0.977273,11.2656,0.0113703,0.985831,0.0810379,1.10075,0.953933,72.9946,0.0017272,0.91159,All
0.626481,0.206916,0.979196,11.4176,0.0100957,0.98746,0.0823602,1.05603,0.955358,74.1872,0.00167028,0.913616,All
0.635368,0.189285,0.980955,11.5695,0.00895824,0.988906,0.0836824,1.01358,0.956727,75.3798,0.00161585,0.915575,All
0.644255,0.173144,0.982564,11.7215,0.0079441,0.990189,0.0850047,0.973259,0.95804,76.5724,0.00156376,0.917471,All
0.653142,0.158373,0.984037,11.8734,0.00704084,0.991326,0.086327,0.934933,0.959301,77.765,0.0015139,0.919306,All
0.662029,0.144858,0.985383,12.0254,0.00623703,0.992334,0.0876493,0.898487,0.960513,78.9576,0.00146613,0.921083,All
0.670916,0.132494,0.986615,12.1774,0.00552234,0.993226,0.0889715,0.863809,0.961678,80.1502,0.00142036,0.922804,All
0.679803,0.121187,0.987741,12.3293,0.00488737,0.994016,0.0902938,0.830797,0.962798,81.3428,0.00137647,0.924471,All
0.68869,0.110847,0.988772,12.4813,0.00432365,0.994715,0.0916161,0.799354,0.963876,82.5354,0.00133437,0.926087,All
0.697577,0.101392,0.989714,12.6332,0.00382351,0.995333,0.0929383,0.769391,0.964913,83.728,0.00129397,0.927654,All
0.706464,0.0927486,0.990576,12.7852,0.00338005,0.99588,0.0942606,0.740823,0.965911,84.9206,0.00125518,0.929174,All
0.715351,0.0848468,0.991365,12.9371,0.00298708,0.996363,0.0955829,0.713573,0.966873,86.1131,0.00121793,0.930649,All
0.724238,0.0776237,0.992086,13.0891,0.00263904,0.99679,0.0969051,0.687569,0.967799,87.3057,0.00118213,0.93208,All
0.733126,0.0710214,0.992746,13.241,0.00233095,0.997167,0.0982274,0.662741,0.968691,88.4983,0.00114771,0.933469,All
0.742013,0.0649866,0.99335,13.393,0.00205833,0.9975,0.0995497,0.639025,0.969552,89.6909,0.00111462,0.934818,All
0.7509,0.0594706,0.993903,13.5449,0.00181722,0.997794,0.100872,0.616362,0.970382,90.8835,0.00108278,0.936128,All
0.759787,0.0544287,0.994409,13.6969,0.00160404,0.998054,0.102194,0.594696,0.971182,92.0761,0.00105213,0.937401,All
0.768674,0.0498202,0.994872,13.8489,0.00141564,0.998283,0.103516,0.573975,0.971955,93.2687,0.00102262,0.938638,All
0.777561,0.0456077,0.995295,14.0008,0.00124917,0.998485,0.104839,0.554148,0.972701,94.4613,0.000994206,0.939841,All
0.786448,0.0417568,0.995683,14.1528,0.00110215,0.998664,0.106161,0.535169,0.973421,95.6539,0.000966823,0.94101,All
0.795335,0.0382365,0.996039,14.3047,0.000972316,0.998821,0.107483,0.516996,0.974116,96.8465,0.000940431,0.942147,All
0.804222,0.0350181,0.996364,14.4567,0.0008577,0.99896,0.108806,0.499586,0.974788,98.0391,0.000914983,0.943253,All
0.813109,0.0320755,0.996662,14.6086,0.000756538,0.999083,0.110128,0.482903,0.975438,99.2317,0.000890438,0.94433,All
0.821996,0.0293847,0.996935,14.7606,0.000667268,0.999191,0.11145,0.466908,0.976066,100.424,0.000866757,0.945378,All
0.830883,0.0269241,0.997185,14.9125,0.000588505,0.999286,0.112772,0.451569,0.976673,101.617,0.0008439,0.946398,All
0.83977,0.0246736,0.997414,15.0645,0.000519024,0.99937,0.114095,0.436853,0.97726,102.809,0.000821833,0.947391,All
0.848657,0.0226152,0.997624,15.2165,0.000457738,0.999444,0.115417,0.42273,0.977828,104.002,0.000800521,0.948358,All
0.857544,0.0207321,0.997816,15.3684,0.000403687,0.999509,0.116739,0.409171,0.978378,105.195,0.000779932,0.9493,All
0.866431,0.0190092,0.997993,15.5204,0.000356022,0.999567,0.118061,0.396149,0.978911,106.387,0.000760036,0.950219,All
0.875318,0.0174327,0.998155,15.6723,0.000313991,0.999618,0.119384,0.383639,0.979426,107.58,0.000740803,0.951114,All
0.884205,0.01599,0.998303,15.8243,0.000276931,0.999663,0.120706,0.371616,0.979925,108.772,0.000722207,0.951986,All
0.893092,0.0146694,0.998439,15.9762,0.000244255,0.999702,0.122028,0.360059,0.980409,109.965,0.00070422,0.952836,All
0.901979,0.0134605,0.998564,16.1282,0.000215446,0.999737,0.123351,0.348945,0.980878,111.158,0.000686819,0.953666,All
0.910866,0.0123536,0.998679,16.2801,0.000190047,0.999768,0.124673,0.338254,0.981332,112.35,0.000669979,0.954475,All
0.919753,0.01134,0.998784,16.4321,0.000167654,0.999795,0.125995,0.327968,0.981772,113.543,0.000653677,0.955264,All
0.92864,0.0104117,0.998881,16.5841,0.000147911,0.999819,0.127317,0.318067,0.9822,114.735,0.000637894,0.956034,All
0.937527,0.00956125,0.998969,16.736,0.000130505,0.99984,0.12864,0.308534,0.982614,115.928,0.000622607,0.956786,All
0.946414,0.00878209,0.999051,16.888,0.000115158,0.999859,0.129962,0.299353,0.983016,117.121,0.000607798,0.957519,All
0.955301,0.00806808,0.999126,17.0399,0.000101626,0.999875,0.131284,0.290509,0.983406,118.313,0.000593448,0.958236,All
0.964188,0.00741367,0.999194,17.1919,8.96947e-05,0.99989,0.132606,0.281986,0.983784,119.506,0.000579539,0.958935,All
