standEta_Vc_abscissa,standEta_Vc_cdf,standEta_Ke_abscissa,standEta_Ke_cdf,standEta_Kpc_abscissa,standEta_Kpc_cdf,standEta_Kcp_abscissa,standEta_Kcp_cdf,split
-4,0,-4,0,-4,0,-4,0,All
-2.12428,0.0147059,-1.7497,0.0147059,-0.505955,0.0147059,-2.43064,0.0147059,All
-1.42193,0.0294118,-1.46247,0.0294118,-0.443892,0.0294118,-2.26705,0.0294118,All
-1.19783,0.0441176,-1.2955,0.0441176,-0.413794,0.0441176,-1.5863,0.0441176,All
-1.14181,0.0588235,-1.25071,0.0588235,-0.392898,0.0588235,-1.47905,0.0588235,All
-1.04702,0.0735294,-1.23617,0.0735294,-0.375309,0.0735294,-1.43122,0.0735294,All
-0.985833,0.0882353,-1.21371,0.0882353,-0.374295,0.0882353,-1.38975,0.0882353,All
-0.980206,0.102941,-1.15703,0.102941,-0.362032,0.102941,-1.30264,0.102941,All
-0.938127,0.117647,-1.11059,0.117647,-0.353196,0.117647,-1.27273,0.117647,All
-0.830057,0.132353,-1.10659,0.132353,-0.351642,0.132353,-1.23221,0.132353,All
-0.781761,0.147059,-1.07891,0.147059,-0.350314,0.147059,-1.20641,0.147059,All
-0.732323,0.161765,-0.928648,0.161765,-0.327998,0.161765,-1.17968,0.161765,All
-0.729364,0.176471,-0.844595,0.176471,-0.232921,0.176471,-1.04243,0.176471,All
-0.680671,0.191176,-0.698062,0.191176,-0.227676,0.191176,-0.97086,0.191176,All
-0.641421,0.205882,-0.680096,0.205882,-0.224156,0.205882,-0.906015,0.205882,All
-0.615141,0.220588,-0.632745,0.220588,-0.223007,0.220588,-0.735981,0.220588,All
-0.595562,0.235294,-0.605789,0.235294,-0.215901,0.235294,-0.70981,0.235294,All
-0.551692,0.25,-0.585565,0.25,-0.202585,0.25,-0.705406,0.25,All
-0.523153,0.264706,-0.53902,0.264706,-0.189737,0.264706,-0.671438,0.264706,All
-0.502733,0.279412,-0.485482,0.279412,-0.169268,0.279412,-0.658364,0.279412,All
-0.468629,0.294118,-0.256326,0.294118,-0.156673,0.294118,-0.579181,0.294118,All
-0.455842,0.308824,-0.226502,0.308824,-0.151945,0.308824,-0.471819,0.308824,All
-0.411813,0.323529,-0.225309,0.323529,-0.0907491,0.323529,-0.439605,0.323529,All
-0.39911,0.338235,-0.216737,0.338235,-0.0879665,0.338235,-0.381715,0.338235,All
-0.367938,0.352941,-0.214851,0.352941,-0.0828436,0.352941,-0.320097,0.352941,All
-0.351921,0.367647,-0.0936899,0.367647,-0.0819168,0.367647,-0.28836,0.367647,All
-0.282185,0.382353,-0.0484585,0.382353,-0.0609664,0.382353,-0.281425,0.382353,All
-0.209764,0.397059,-0.0455211,0.397059,-0.0462957,0.397059,-0.207793,0.397059,All
-0.208571,0.411765,-0.045325,0.411765,-0.0431759,0.411765,-0.198345,0.411765,All
-0.198638,0.426471,-0.0364975,0.426471,-0.0287671,0.426471,-0.187249,0.426471,All
-0.178446,0.441176,-0.01796,0.441176,-0.0238338,0.441176,-0.18708,0.441176,All
-0.165439,0.455882,0.0774013,0.455882,-0.0183111,0.455882,-0.151855,0.455882,All
-0.104128,0.470588,0.111458,0.470588,-0.016487,0.470588,-0.149481,0.470588,All
-0.0832385,0.485294,0.171774,0.485294,0.00526216,0.485294,-0.14909,0.485294,All
-0.0746507,0.5,0.178553,0.5,0.0945354,0.5,-0.138721,0.5,All
0.00808139,0.514706,0.196016,0.514706,0.10588,0.514706,-0.0851118,0.514706,All
0.0379887,0.529412,0.244638,0.529412,0.128443,0.529412,0.0185371,0.529412,All
0.114726,0.544118,0.254982,0.544118,0.131812,0.544118,0.0318432,0.544118,All
0.119454,0.558824,0.378382,0.558824,0.147402,0.558824,0.172714,0.558824,All
0.243017,0.573529,0.388272,0.573529,0.160869,0.573529,0.204486,0.573529,All
0.267564,0.588235,0.409086,0.588235,0.175997,0.588235,0.218496,0.588235,All
0.283771,0.602941,0.412273,0.602941,0.177362,0.602941,0.295115,0.602941,All
0.284664,0.617647,0.419117,0.617647,0.183713,0.617647,0.320291,0.617647,All
0.297321,0.632353,0.533594,0.632353,0.187713,0.632353,0.351451,0.632353,All
0.349577,0.647059,0.559087,0.647059,0.195814,0.647059,0.409047,0.647059,All
0.353574,0.661765,0.588152,0.661765,0.236669,0.661765,0.447776,0.661765,All
0.373418,0.676471,0.606755,0.676471,0.236986,0.676471,0.471868,0.676471,All
0.406665,0.691176,0.623238,0.691176,0.255867,0.691176,0.48086,0.691176,All
0.441535,0.705882,0.631183,0.705882,0.278576,0.705882,0.492933,0.705882,All
0.465184,0.720588,0.685562,0.720588,0.352538,0.720588,0.522632,0.720588,All
0.478204,0.735294,0.697429,0.735294,0.367344,0.735294,0.581498,0.735294,All
0.496747,0.75,0.70244,0.75,0.413527,0.75,0.73989,0.75,All
0.512697,0.764706,0.711521,0.764706,0.419872,0.764706,0.756291,0.764706,All
0.513756,0.779412,0.802963,0.779412,0.422929,0.779412,0.761804,0.779412,All
0.517051,0.794118,0.828496,0.794118,0.460907,0.794118,0.812665,0.794118,All
0.601388,0.808824,0.829677,0.808824,0.47673,0.808824,0.927569,0.808824,All
0.695337,0.823529,0.916444,0.823529,0.500717,0.823529,0.964668,0.823529,All
0.740453,0.838235,0.940236,0.838235,0.528703,0.838235,1.03543,0.838235,All
0.770002,0.852941,0.968622,0.852941,0.666996,0.852941,1.08983,0.852941,All
0.791266,0.867647,1.07997,0.867647,0.742332,0.867647,1.11094,0.867647,All
0.821481,0.882353,1.10633,0.882353,0.885024,0.882353,1.16943,0.882353,All
0.856148,0.897059,1.11524,0.897059,0.925195,0.897059,1.17723,0.897059,All
0.952894,0.911765,1.19477,0.911765,0.968959,0.911765,1.1887,0.911765,All
0.972213,0.926471,1.21303,0.926471,0.970325,0.926471,1.26989,0.926471,All
1.28853,0.941176,1.39261,0.941176,0.975823,0.941176,1.30807,0.941176,All
1.58784,0.955882,1.61917,0.955882,1.14475,0.955882,1.31459,0.955882,All
1.70761,0.970588,1.80994,0.970588,1.26036,0.970588,1.93965,0.970588,All
1.77469,0.985294,1.92852,0.985294,1.4099,0.985294,1.94004,0.985294,All
2.21422,1,2.5357,1,2.15522,1,1.94304,1,All
4,1,4,1,4,1,4,1,All
