Kcp_vs_Ke_abscissa,Kcp_vs_Ke_spline,Kcp_vs_Ke_regression,Kcp_vs_Kpc_abscissa,Kcp_vs_Kpc_spline,Kcp_vs_Kpc_regression,Kcp_vs_Vc_abscissa,Kcp_vs_Vc_spline,Kcp_vs_Vc_regression,Ke_vs_Kcp_abscissa,Ke_vs_Kcp_spline,Ke_vs_Kcp_regression,Ke_vs_Kpc_abscissa,Ke_vs_Kpc_spline,Ke_vs_Kpc_regression,Ke_vs_Vc_abscissa,Ke_vs_Vc_spline,Ke_vs_Vc_regression,Kpc_vs_Kcp_abscissa,Kpc_vs_Kcp_spline,Kpc_vs_Kcp_regression,Kpc_vs_Ke_abscissa,Kpc_vs_Ke_spline,Kpc_vs_Ke_regression,Kpc_vs_Vc_abscissa,Kpc_vs_Vc_spline,Kpc_vs_Vc_regression,Vc_vs_Kcp_abscissa,Vc_vs_Kcp_spline,Vc_vs_Kcp_regression,Vc_vs_Ke_abscissa,Vc_vs_Ke_spline,Vc_vs_Ke_regression,Vc_vs_Kpc_abscissa,Vc_vs_Kpc_spline,Vc_vs_Kpc_regression
-0.707463,0.8017,-0.0674371,-2.78109,-3.52542,-2.56913,-2.86883,-2.50723,-0.641441,-4.66807,-0.242959,-0.0168466,-2.78109,-0.296468,-0.104972,-2.86883,-0.400063,-0.222953,-4.66807,-2.73656,-2.66142,-0.707463,0.353956,-0.318271,-2.86883,-1.29627,-0.392783,-4.66807,-1.84377,-0.293871,-0.707463,-0.0309276,-0.294394,-2.78109,-1.84849,-0.139166
-0.693339,0.701013,-0.0649848,-2.72734,-3.38222,-2.51955,-2.82527,-2.37493,-0.631244,-4.58281,-0.241474,-0.01602,-2.72734,-0.283298,-0.102446,-2.82527,-0.389553,-0.219292,-4.58281,-2.68825,-2.61217,-0.693339,0.290976,-0.310828,-2.82527,-1.25689,-0.386062,-4.58281,-1.79225,-0.286238,-0.693339,-0.113021,-0.286264,-2.72734,-1.7226,-0.1341
-0.679215,0.602448,-0.0625325,-2.67359,-3.23901,-2.46997,-2.78171,-2.24264,-0.621048,-4.49756,-0.239989,-0.0151935,-2.67359,-0.270129,-0.0999205,-2.78171,-0.379044,-0.215632,-4.49756,-2.63995,-2.56293,-0.679215,0.229063,-0.303384,-2.78171,-1.21752,-0.379341,-4.49756,-1.74072,-0.278604,-0.679215,-0.192185,-0.278134,-2.67359,-1.59671,-0.129035
-0.665091,0.524245,-0.0600802,-2.61984,-3.0958,-2.42039,-2.73815,-2.11034,-0.610851,-4.41231,-0.238503,-0.0143669,-2.61984,-0.256959,-0.0973946,-2.73815,-0.368534,-0.211972,-4.41231,-2.59165,-2.51369,-0.665091,0.177387,-0.295941,-2.73815,-1.17814,-0.37262,-4.41231,-1.6892,-0.270971,-0.665091,-0.243246,-0.270005,-2.61984,-1.47081,-0.123969
-0.650967,0.446043,-0.0576279,-2.56609,-2.95259,-2.37082,-2.69459,-1.97805,-0.600655,-4.32706,-0.237018,-0.0135404,-2.56609,-0.243789,-0.0948688,-2.69459,-0.358025,-0.208312,-4.32706,-2.54334,-2.46444,-0.650967,0.125711,-0.288497,-2.69459,-1.13876,-0.365899,-4.32706,-1.63768,-0.263338,-0.650967,-0.294306,-0.261875,-2.56609,-1.34492,-0.118904
-0.636843,0.36784,-0.0551756,-2.51234,-2.80939,-2.32124,-2.65103,-1.84575,-0.590458,-4.2418,-0.235532,-0.0127138,-2.51234,-0.230619,-0.092343,-2.65103,-0.347516,-0.204651,-4.2418,-2.49504,-2.4152,-0.636843,0.0740352,-0.281054,-2.65103,-1.09938,-0.359178,-4.2418,-1.58615,-0.255704,-0.636843,-0.345366,-0.253745,-2.51234,-1.21903,-0.113838
-0.622719,0.289638,-0.0527233,-2.45859,-2.66618,-2.27166,-2.60747,-1.71346,-0.580262,-4.15655,-0.234047,-0.0118872,-2.45859,-0.217449,-0.0898171,-2.60747,-0.337006,-0.200991,-4.15655,-2.44674,-2.36595,-0.622719,0.0223594,-0.27361,-2.60747,-1.06,-0.352457,-4.15655,-1.53463,-0.248071,-0.622719,-0.396426,-0.245616,-2.45859,-1.09313,-0.108773
-0.608596,0.211436,-0.050271,-2.40484,-2.52297,-2.22209,-2.56392,-1.58116,-0.570065,-4.0713,-0.232562,-0.0110607,-2.40484,-0.20428,-0.0872913,-2.56392,-0.326497,-0.197331,-4.0713,-2.39843,-2.31671,-0.608596,-0.0293165,-0.266167,-2.56392,-1.02062,-0.345736,-4.0713,-1.48311,-0.240438,-0.608596,-0.447487,-0.237486,-2.40484,-0.967241,-0.103707
-0.594472,0.133233,-0.0478187,-2.35109,-2.37976,-2.17251,-2.52036,-1.44886,-0.559869,-3.98605,-0.231076,-0.0102341,-2.35109,-0.19111,-0.0847654,-2.52036,-0.315987,-0.193671,-3.98605,-2.35013,-2.26747,-0.594472,-0.0809924,-0.258724,-2.52036,-0.981244,-0.339015,-3.98605,-1.43158,-0.232804,-0.594472,-0.498547,-0.229356,-2.35109,-0.841348,-0.0986416
-0.580348,0.0550309,-0.0453664,-2.29733,-2.23655,-2.12293,-2.4768,-1.31657,-0.549672,-3.90079,-0.229591,-0.00940757,-2.29733,-0.17794,-0.0822396,-2.4768,-0.305478,-0.190011,-3.90079,-2.30183,-2.21822,-0.580348,-0.132668,-0.25128,-2.4768,-0.941866,-0.332294,-3.90079,-1.38006,-0.225171,-0.580348,-0.549607,-0.221227,-2.29733,-0.715455,-0.093576
-0.566224,-0.00684781,-0.0429141,-2.24358,-2.13716,-2.07335,-2.43324,-1.18427,-0.539476,-3.81554,-0.228105,-0.00858102,-2.24358,-0.168577,-0.0797137,-2.43324,-0.294969,-0.18635,-3.81554,-2.25352,-2.16898,-0.566224,-0.175197,-0.243837,-2.43324,-0.902487,-0.325573,-3.81554,-1.32854,-0.217538,-0.566224,-0.579986,-0.213097,-2.24358,-0.636761,-0.0885105
-0.5521,-0.0456181,-0.0404617,-2.18983,-2.06449,-2.02378,-2.38968,-1.05198,-0.529279,-3.73029,-0.22662,-0.00775446,-2.18983,-0.161537,-0.0771879,-2.38968,-0.284459,-0.18269,-3.73029,-2.20522,-2.11974,-0.5521,-0.204778,-0.236393,-2.38968,-0.863108,-0.318852,-3.73029,-1.27701,-0.209904,-0.5521,-0.581088,-0.204967,-2.18983,-0.58686,-0.0834449
-0.537976,-0.0843885,-0.0380094,-2.13608,-1.99182,-1.9742,-2.34612,-0.919683,-0.519083,-3.64504,-0.225135,-0.0069279,-2.13608,-0.154496,-0.074662,-2.34612,-0.27395,-0.17903,-3.64504,-2.15692,-2.07049,-0.537976,-0.234359,-0.22895,-2.34612,-0.82373,-0.312131,-3.64504,-1.22549,-0.202271,-0.537976,-0.58219,-0.196838,-2.13608,-0.53696,-0.0783794
-0.523852,-0.123159,-0.0355571,-2.08233,-1.91915,-1.92462,-2.30256,-0.787387,-0.508886,-3.55978,-0.223649,-0.00610134,-2.08233,-0.147456,-0.0721362,-2.30256,-0.26344,-0.17537,-3.55978,-2.10861,-2.02125,-0.523852,-0.26394,-0.221506,-2.30256,-0.784351,-0.30541,-3.55978,-1.17397,-0.194637,-0.523852,-0.583291,-0.188708,-2.08233,-0.487059,-0.0733138
-0.509728,-0.161929,-0.0331048,-2.02858,-1.84648,-1.87505,-2.25901,-0.655091,-0.49869,-3.47453,-0.222164,-0.00527478,-2.02858,-0.140415,-0.0696103,-2.25901,-0.252931,-0.171709,-3.47453,-2.06031,-1.97201,-0.509728,-0.29352,-0.214063,-2.25901,-0.744973,-0.298689,-3.47453,-1.12244,-0.187004,-0.509728,-0.584393,-0.180578,-2.02858,-0.437158,-0.0682482
-0.495604,-0.200699,-0.0306525,-1.97483,-1.77381,-1.82547,-2.21545,-0.522796,-0.488493,-3.38928,-0.220678,-0.00444822,-1.97483,-0.133375,-0.0670845,-2.21545,-0.242422,-0.168049,-3.38928,-2.01201,-1.92276,-0.495604,-0.323101,-0.206619,-2.21545,-0.705594,-0.291968,-3.38928,-1.07092,-0.179371,-0.495604,-0.585495,-0.172449,-1.97483,-0.387258,-0.0631827
-0.48148,-0.23947,-0.0282002,-1.92108,-1.70115,-1.77589,-2.17189,-0.3905,-0.478296,-3.30403,-0.219193,-0.00362167,-1.92108,-0.126334,-0.0645586,-2.17189,-0.231912,-0.164389,-3.30403,-1.9637,-1.87352,-0.48148,-0.352682,-0.199176,-2.17189,-0.666216,-0.285247,-3.30403,-1.0194,-0.171737,-0.48148,-0.586597,-0.164319,-1.92108,-0.337357,-0.0581171
-0.467356,-0.27824,-0.0257479,-1.86733,-1.62848,-1.72631,-2.12833,-0.258205,-0.4681,-3.21877,-0.217708,-0.00279511,-1.86733,-0.119293,-0.0620328,-2.12833,-0.221403,-0.160729,-3.21877,-1.9154,-1.82428,-0.467356,-0.382263,-0.191732,-2.12833,-0.626837,-0.278526,-3.21877,-0.967873,-0.164104,-0.467356,-0.587699,-0.156189,-1.86733,-0.287457,-0.0530516
-0.453232,-0.31701,-0.0232956,-1.81357,-1.55581,-1.67674,-2.08477,-0.125909,-0.457903,-3.13352,-0.216222,-0.00196855,-1.81357,-0.112253,-0.0595069,-2.08477,-0.210894,-0.157068,-3.13352,-1.8671,-1.77503,-0.453232,-0.411843,-0.184289,-2.08477,-0.587459,-0.271805,-3.13352,-0.91635,-0.156471,-0.453232,-0.5888,-0.14806,-1.81357,-0.237556,-0.047986
-0.439108,-0.355781,-0.0208433,-1.75982,-1.48314,-1.62716,-2.04121,0.00638654,-0.447707,-3.04827,-0.214737,-0.00114199,-1.75982,-0.105212,-0.0569811,-2.04121,-0.200384,-0.153408,-3.04827,-1.81879,-1.72579,-0.439108,-0.441424,-0.176846,-2.04121,-0.54808,-0.265084,-3.04827,-0.864826,-0.148837,-0.439108,-0.589902,-0.13993,-1.75982,-0.187655,-0.0429205
-0.424984,-0.394551,-0.018391,-1.70607,-1.41047,-1.57758,-1.99765,0.0453001,-0.43751,-2.96301,-0.213251,-0.000315432,-1.70607,-0.098172,-0.0544553,-1.99765,-0.194085,-0.149748,-2.96301,-1.77049,-1.67655,-0.424984,-0.471005,-0.169402,-1.99765,-0.51274,-0.258363,-2.96301,-0.813303,-0.141204,-0.424984,-0.591004,-0.1318,-1.70607,-0.137755,-0.0378549
-0.41086,-0.433321,-0.0159387,-1.65232,-1.3378,-1.52801,-1.9541,0.0840454,-0.427314,-2.87776,-0.211766,0.000511126,-1.65232,-0.0911315,-0.0519294,-1.9541,-0.187794,-0.146088,-2.87776,-1.72219,-1.6273,-0.41086,-0.500586,-0.161959,-1.9541,-0.477408,-0.251643,-2.87776,-0.76178,-0.133571,-0.41086,-0.592106,-0.123671,-1.65232,-0.087854,-0.0327894
-0.396736,-0.466068,-0.0134864,-1.59857,-1.26513,-1.47843,-1.91054,0.122791,-0.417117,-2.79251,-0.210281,0.00133768,-1.59857,-0.084091,-0.0494036,-1.91054,-0.181503,-0.142427,-2.79251,-1.67388,-1.57806,-0.396736,-0.526337,-0.154515,-1.91054,-0.442075,-0.244922,-2.79251,-0.710256,-0.125937,-0.396736,-0.586467,-0.115541,-1.59857,-0.0379534,-0.0277238
-0.382613,-0.471762,-0.0110341,-1.54482,-1.19246,-1.42885,-1.86698,0.161536,-0.406921,-2.70726,-0.208795,0.00216424,-1.54482,-0.0770504,-0.0468777,-1.86698,-0.175212,-0.138767,-2.70726,-1.62558,-1.52882,-0.382613,-0.53335,-0.147072,-1.86698,-0.406742,-0.238201,-2.70726,-0.658733,-0.118304,-0.382613,-0.553595,-0.107411,-1.54482,0.0119472,-0.0226583
-0.368489,-0.477152,-0.0085818,-1.49107,-1.11979,-1.37927,-1.82342,0.200281,-0.396724,-2.622,-0.20731,0.0029908,-1.49107,-0.0700099,-0.0443519,-1.82342,-0.168921,-0.135107,-2.622,-1.57728,-1.47957,-0.368489,-0.540132,-0.139628,-1.82342,-0.37141,-0.23148,-2.622,-0.60721,-0.110671,-0.368489,-0.520459,-0.0992817,-1.49107,0.0618479,-0.0175927
-0.354365,-0.482543,-0.0061295,-1.43732,-1.04713,-1.3297,-1.77986,0.239027,-0.386528,-2.53675,-0.205824,0.00381736,-1.43732,-0.0629694,-0.041826,-1.77986,-0.16263,-0.131447,-2.53675,-1.52897,-1.43033,-0.354365,-0.546915,-0.132185,-1.77986,-0.336077,-0.224759,-2.53675,-0.555686,-0.103037,-0.354365,-0.487322,-0.091152,-1.43732,0.111749,-0.0125272
-0.340241,-0.487934,-0.00367719,-1.38357,-0.974456,-1.28012,-1.7363,0.277772,-0.376331,-2.4515,-0.204339,0.00464392,-1.38357,-0.0559289,-0.0393002,-1.7363,-0.156339,-0.127786,-2.4515,-1.48067,-1.38109,-0.340241,-0.553697,-0.124741,-1.7363,-0.300745,-0.218038,-2.4515,-0.504163,-0.0954038,-0.340241,-0.454185,-0.0830224,-1.38357,0.161649,-0.00746162
-0.326117,-0.493325,-0.00122489,-1.32981,-0.901787,-1.23054,-1.69274,0.316517,-0.366135,-2.36625,-0.202854,0.00547048,-1.32981,-0.0488884,-0.0367743,-1.69274,-0.150047,-0.124126,-2.36625,-1.43237,-1.33184,-0.326117,-0.560479,-0.117298,-1.69274,-0.265412,-0.211317,-2.36625,-0.45264,-0.0877705,-0.326117,-0.421049,-0.0748927,-1.32981,0.21155,-0.00239607
-0.311993,-0.498716,0.00122741,-1.27606,-0.829119,-1.18097,-1.64919,0.355263,-0.355938,-2.28099,-0.201368,0.00629703,-1.27606,-0.0418479,-0.0342485,-1.64919,-0.143756,-0.120466,-2.28099,-1.38406,-1.2826,-0.311993,-0.567261,-0.109854,-1.64919,-0.23008,-0.204596,-2.28099,-0.401116,-0.0801371,-0.311993,-0.387912,-0.066763,-1.27606,0.26145,0.00266948
-0.297869,-0.504106,0.00367972,-1.22231,-0.75645,-1.13139,-1.60563,0.394008,-0.345742,-2.19574,-0.199883,0.00712359,-1.22231,-0.0348074,-0.0317226,-1.60563,-0.137465,-0.116806,-2.19574,-1.33576,-1.23336,-0.297869,-0.574044,-0.102411,-1.60563,-0.194747,-0.197875,-2.19574,-0.349593,-0.0725038,-0.297869,-0.354776,-0.0586334,-1.22231,0.311351,0.00773503
-0.283745,-0.509497,0.00613202,-1.16856,-0.683781,-1.08181,-1.56207,0.432753,-0.335545,-2.11049,-0.198397,0.00795015,-1.16856,-0.0277669,-0.0291968,-1.56207,-0.131174,-0.113146,-2.11049,-1.28746,-1.18411,-0.283745,-0.580826,-0.0949674,-1.56207,-0.159414,-0.191154,-2.11049,-0.29807,-0.0648704,-0.283745,-0.321639,-0.0505037,-1.16856,0.361252,0.0128006
-0.269621,-0.514888,0.00858432,-1.11481,-0.631003,-1.03223,-1.51851,0.471498,-0.325348,-2.02524,-0.196912,0.00877671,-1.11481,-0.0222091,-0.0266709,-1.51851,-0.124883,-0.109485,-2.02524,-1.23915,-1.13487,-0.269621,-0.587608,-0.087524,-1.51851,-0.124082,-0.184433,-2.02524,-0.246546,-0.0572371,-0.269621,-0.288503,-0.042374,-1.11481,0.389173,0.0178661
-0.255497,-0.507544,0.0110366,-1.06106,-0.593195,-0.982658,-1.47495,0.510244,-0.315152,-1.93998,-0.195427,0.00960327,-1.06106,-0.0177673,-0.0241451,-1.47495,-0.118592,-0.105825,-1.93998,-1.19085,-1.08562,-0.255497,-0.581233,-0.0800805,-1.47495,-0.0887492,-0.177712,-1.93998,-0.195023,-0.0496037,-0.255497,-0.251071,-0.0342444,-1.06106,0.400553,0.0229317
-0.241373,-0.490446,0.0134889,-1.00731,-0.55744,-0.933081,-1.43139,0.548989,-0.304955,-1.85473,-0.193941,0.0104298,-1.00731,-0.0134318,-0.0216192,-1.43139,-0.112301,-0.102165,-1.85473,-1.14255,-1.03638,-0.241373,-0.564755,-0.0726371,-1.43139,-0.0534166,-0.170991,-1.85473,-0.1435,-0.0419703,-0.241373,-0.210403,-0.0261147,-1.00731,0.40956,0.0279972
-0.227249,-0.473349,0.0159412,-0.953557,-0.523415,-0.883503,-1.38783,0.587734,-0.294759,-1.76948,-0.192456,0.0112564,-0.953557,-0.00917914,-0.0190934,-1.38783,-0.10601,-0.0985046,-1.76948,-1.09424,-0.987138,-0.227249,-0.548277,-0.0651936,-1.38783,-0.0180841,-0.16427,-1.76948,-0.0919762,-0.034337,-0.227249,-0.169735,-0.017985,-0.953557,0.416552,0.0330628
-0.213125,-0.456251,0.0183935,-0.899806,-0.492027,-0.833926,-1.34428,0.62648,-0.284562,-1.68423,-0.19097,0.0120829,-0.899806,-0.00502639,-0.0165676,-1.34428,-0.0997185,-0.0948444,-1.68423,-1.04594,-0.937894,-0.213125,-0.531799,-0.0577501,-1.34428,0.0172485,-0.157549,-1.68423,-0.0404528,-0.0267036,-0.213125,-0.129066,-0.00985535,-0.899806,0.420414,0.0381283
-0.199001,-0.439154,0.0208458,-0.846054,-0.460928,-0.784349,-1.30072,0.665225,-0.274366,-1.59897,-0.189485,0.0129095,-0.846054,-0.000884029,-0.0140417,-1.30072,-0.0934273,-0.0911841,-1.59897,-0.997638,-0.888651,-0.199001,-0.515321,-0.0503067,-1.30072,0.0525811,-0.150828,-1.59897,0.0110705,-0.0190703,-0.199001,-0.088398,-0.00172568,-0.846054,0.423933,0.0431939
-0.184877,-0.422056,0.0232981,-0.792303,-0.431504,-0.734772,-1.25716,0.697521,-0.264169,-1.51372,-0.188,0.0137361,-0.792303,0.00327825,-0.0115159,-1.25716,-0.0873648,-0.0875239,-1.51372,-0.949335,-0.839408,-0.184877,-0.498843,-0.0428632,-1.25716,0.0867927,-0.144107,-1.51372,0.0625938,-0.0114369,-0.184877,-0.0477296,0.00640399,-0.792303,0.425275,0.0482595
-0.170753,-0.404959,0.0257504,-0.738552,-0.405466,-0.685195,-1.2136,0.70305,-0.253973,-1.42847,-0.186514,0.0145626,-0.738552,0.00750534,-0.00899002,-1.2136,-0.0822511,-0.0838637,-1.42847,-0.901031,-0.790164,-0.170753,-0.482365,-0.0354198,-1.2136,0.116352,-0.137386,-1.42847,0.114117,-0.00380356,-0.170753,-0.00706124,0.0145337,-0.738552,0.422165,0.053325
-0.15663,-0.387862,0.0282028,-0.684801,-0.379428,-0.635618,-1.17004,0.694038,-0.243776,-1.34321,-0.168562,0.0153892,-0.684801,0.0117324,-0.00646417,-1.17004,-0.0771709,-0.0802034,-1.34321,-0.837445,-0.740921,-0.15663,-0.465887,-0.0279763,-1.17004,0.13686,-0.130665,-1.34321,0.143102,0.0038298,-0.15663,0.0336071,0.0226633,-0.684801,0.419056,0.0583906
-0.142506,-0.370764,0.0306551,-0.63105,-0.35339,-0.586041,-1.12648,0.679491,-0.23358,-1.25796,-0.141847,0.0162157,-0.63105,0.0159595,-0.00393832,-1.12648,-0.0721035,-0.0765432,-1.25796,-0.766038,-0.691677,-0.142506,-0.449409,-0.0205328,-1.12648,0.153923,-0.123944,-1.25796,0.159408,0.0114632,-0.142506,0.0742755,0.030793,-0.63105,0.415946,0.0634561
-0.128382,-0.353667,0.0331074,-0.577299,-0.327352,-0.536464,-1.08292,0.664945,-0.223383,-1.17271,-0.115321,0.0170423,-0.577299,0.0201866,-0.00141248,-1.08292,-0.067036,-0.0728829,-1.17271,-0.695223,-0.642434,-0.128382,-0.432931,-0.0130894,-1.08292,0.170987,-0.117223,-1.17271,0.175052,0.0190965,-0.128382,0.114944,0.0389227,-0.577299,0.412837,0.0685217
-0.114258,-0.336569,0.0355597,-0.523548,-0.301314,-0.486886,-1.03937,0.650398,-0.213187,-1.08746,-0.0891821,0.0178689,-0.523548,0.0244137,0.00111337,-1.03937,-0.0619686,-0.0692227,-1.08746,-0.625319,-0.59319,-0.114258,-0.416453,-0.00564591,-1.03937,0.18805,-0.110502,-1.08746,0.19001,0.0267299,-0.114258,0.155612,0.0470523,-0.523548,0.409727,0.0735872
-0.100134,-0.319472,0.038012,-0.469797,-0.275276,-0.437309,-0.995807,0.635852,-0.20299,-1.0022,-0.0642734,0.0186954,-0.469797,0.0286408,0.00363922,-0.995807,-0.0569012,-0.0655625,-1.0022,-0.557928,-0.543947,-0.100134,-0.399975,0.00179755,-0.995807,0.205114,-0.103781,-1.0022,0.203631,0.0343632,-0.100134,0.196281,0.055182,-0.469797,0.406618,0.0786528
-0.0860098,-0.302374,0.0404643,-0.416046,-0.249238,-0.387732,-0.952248,0.621306,-0.192794,-0.916951,-0.0393646,0.019522,-0.416046,0.0328679,0.00616506,-0.952248,-0.0518337,-0.0619022,-0.916951,-0.490537,-0.494703,-0.0860098,-0.383497,0.00924101,-0.952248,0.222177,-0.0970605,-0.916951,0.217251,0.0419966,-0.0860098,0.236949,0.0633117,-0.416046,0.403508,0.0837183
-0.0718859,-0.285277,0.0429166,-0.362294,-0.2232,-0.338155,-0.90869,0.606759,-0.182597,-0.831699,-0.0144559,0.0203485,-0.362294,0.037095,0.00869091,-0.90869,-0.0467663,-0.058242,-0.831699,-0.423146,-0.44546,-0.0718859,-0.367019,0.0166845,-0.90869,0.23924,-0.0903396,-0.831699,0.230871,0.0496299,-0.0718859,0.277617,0.0714413,-0.362294,0.400399,0.0887839
-0.057762,-0.268179,0.0453689,-0.308543,-0.196799,-0.288578,-0.865131,0.592213,-0.1724,-0.746446,0.00925257,0.0211751,-0.308543,0.0416336,0.0112168,-0.865131,-0.0416989,-0.0545818,-0.746446,-0.357904,-0.396216,-0.057762,-0.350541,0.0241279,-0.865131,0.256304,-0.0836186,-0.746446,0.243852,0.0572633,-0.057762,0.318286,0.079571,-0.308543,0.397054,0.0938494
-0.043638,-0.251082,0.0478212,-0.254792,-0.169441,-0.239001,-0.821573,0.577667,-0.162204,-0.661193,0.0319657,0.0220016,-0.254792,0.0469909,0.0137426,-0.821573,-0.0366314,-0.0509215,-0.661193,-0.294445,-0.346973,-0.043638,-0.334063,0.0315714,-0.821573,0.273367,-0.0768977,-0.661193,0.256301,0.0648966,-0.043638,0.358954,0.0877007,-0.254792,0.393092,0.098915
-0.0295141,-0.228978,0.0502735,-0.201041,-0.142084,-0.189424,-0.778014,0.56312,-0.152007,-0.575941,0.0536097,0.0228282,-0.201041,0.0523481,0.0162685,-0.778014,-0.031564,-0.0472613,-0.575941,-0.232761,-0.297729,-0.0295141,-0.308332,0.0390149,-0.778014,0.29043,-0.0701767,-0.575941,0.26849,0.07253,-0.0295141,0.393288,0.0958303,-0.201041,0.38913,0.103981
-0.0153902,-0.203905,0.0527258,-0.14729,-0.114726,-0.139847,-0.734455,0.548574,-0.141811,-0.490688,0.0744101,0.0236548,-0.14729,0.0577054,0.0187943,-0.734455,-0.0264965,-0.0436011,-0.490688,-0.172477,-0.248486,-0.0153902,-0.276406,0.0464583,-0.734455,0.307494,-0.0634558,-0.490688,0.280473,0.0801634,-0.0153902,0.422473,0.10396,-0.14729,0.385167,0.109046
-0.00126622,-0.178604,0.0551781,-0.0935388,-0.0873686,-0.0902695,-0.690897,0.534028,-0.131614,-0.405435,0.0934973,0.0244813,-0.0935388,0.0630626,0.0213201,-0.690897,-0.0214291,-0.0399408,-0.405435,-0.114937,-0.199243,-0.00126622,-0.243264,0.0539018,-0.690897,0.324557,-0.0567348,-0.405435,0.292259,0.0877967,-0.00126622,0.449806,0.11209,-0.0935388,0.381205,0.114112
0.0128577,-0.153475,0.0576304,-0.0397877,-0.0600111,-0.0406924,-0.647338,0.519481,-0.121418,-0.320183,0.111596,0.0253079,-0.0397877,0.0684199,0.023846,-0.647338,-0.0163617,-0.0362806,-0.320183,-0.0589498,-0.149999,0.0128577,-0.207188,0.0613452,-0.647338,0.34162,-0.0500139,-0.320183,0.303997,0.0954301,0.0128577,0.469747,0.120219,-0.0397877,0.377243,0.119177
0.0269817,-0.128906,0.0600827,0.0139634,-0.0326535,0.00888477,-0.60378,0.504935,-0.111221,-0.23493,0.127012,0.0261344,0.0139634,0.0737771,0.0263718,-0.60378,-0.0112942,-0.0326203,-0.23493,-0.00702915,-0.100756,0.0269817,-0.167207,0.0687887,-0.60378,0.358684,-0.0432929,-0.23493,0.315647,0.103063,0.0269817,0.478299,0.128349,0.0139634,0.373281,0.124243
0.0411056,-0.104337,0.062535,0.0677145,-0.00529601,0.0584619,-0.560221,0.490388,-0.101025,-0.149678,0.141641,0.026961,0.0677145,0.0791343,0.0288977,-0.560221,-0.0062268,-0.0289601,-0.149678,0.043714,-0.0515122,0.0411056,-0.127226,0.0762322,-0.560221,0.375747,-0.0365719,-0.149678,0.327271,0.110697,0.0411056,0.486851,0.136479,0.0677145,0.369318,0.129308
0.0552295,-0.0797676,0.0649873,0.121466,0.0220615,0.108039,-0.516663,0.475842,-0.0908282,-0.0644249,0.156269,0.0277876,0.121466,0.0844916,0.0314235,-0.516663,-0.00115936,-0.0252999,-0.0644249,0.0944572,-0.00226869,0.0552295,-0.0872445,0.0836756,-0.516663,0.39281,-0.029851,-0.0644249,0.338896,0.11833,0.0552295,0.495403,0.144608,0.121466,0.365356,0.134374
0.0693535,-0.0551984,0.0674396,0.175217,0.0514836,0.157616,-0.473104,0.461296,-0.0806317,0.0208277,0.16723,0.0286141,0.175217,0.0902917,0.0339494,-0.473104,0.00390808,-0.0216396,0.0208277,0.140289,0.0469748,0.0693535,-0.0472633,0.0911191,-0.473104,0.409874,-0.02313,0.0208277,0.349883,0.125964,0.0693535,0.503955,0.152738,0.175217,0.363028,0.139439
0.0834774,-0.0306291,0.0698919,0.228968,0.0852313,0.207193,-0.429545,0.446749,-0.0704351,0.10608,0.177178,0.0294407,0.228968,0.0969555,0.0364752,-0.429545,0.00897551,-0.0179794,0.10608,0.184765,0.0962182,0.0834774,-0.0072821,0.0985625,-0.429545,0.426937,-0.0164091,0.10608,0.360696,0.133597,0.0834774,0.512508,0.160868,0.228968,0.364171,0.144505
0.0976013,-0.00605987,0.0723442,0.282719,0.119555,0.25677,-0.385987,0.432203,-0.0602386,0.191333,0.187125,0.0302672,0.282719,0.103712,0.0390011,-0.385987,0.0140429,-0.0143192,0.191333,0.229241,0.145462,0.0976013,0.0326991,0.106006,-0.385987,0.444001,-0.00968812,0.191333,0.371508,0.14123,0.0976013,0.52106,0.168997,0.282719,0.36578,0.14957
0.111725,0.0185094,0.0747965,0.33647,0.158325,0.306348,-0.342428,0.417657,-0.0500421,0.276586,0.196795,0.0310938,0.33647,0.110703,0.0415269,-0.342428,0.0191104,-0.0106589,0.276586,0.273393,0.194705,0.111725,0.0726803,0.113449,-0.342428,0.461064,-0.00296716,0.276586,0.382227,0.148864,0.111725,0.529612,0.177127,0.33647,0.369724,0.154636
0.125849,0.0430786,0.0772488,0.390221,0.199303,0.355925,-0.29887,0.40311,-0.0398455,0.361838,0.202787,0.0319203,0.390221,0.117717,0.0440528,-0.29887,0.0241778,-0.00699869,0.361838,0.313477,0.243949,0.125849,0.112662,0.120893,-0.29887,0.478127,0.00375379,0.361838,0.391523,0.156497,0.125849,0.538164,0.185257,0.390221,0.374578,0.159702
0.139973,0.0676479,0.0797011,0.443972,0.240281,0.405502,-0.255311,0.388564,-0.029649,0.447091,0.206269,0.0327469,0.443972,0.124731,0.0465786,-0.255311,0.0292453,-0.00333845,0.447091,0.351229,0.293192,0.139973,0.152643,0.128336,-0.255311,0.495191,0.0104747,0.447091,0.399437,0.16413,0.139973,0.546716,0.193386,0.443972,0.379431,0.164767
0.154097,0.0922172,0.0821534,0.497723,0.281259,0.455079,-0.211752,0.374018,-0.0194525,0.532344,0.20975,0.0335735,0.497723,0.131745,0.0491045,-0.211752,0.0343127,0.000321785,0.532344,0.388981,0.342436,0.154097,0.192624,0.13578,-0.211752,0.512254,0.0171957,0.532344,0.407352,0.171764,0.154097,0.555268,0.201516,0.497723,0.384285,0.169833
0.168221,0.116786,0.0846057,0.551475,0.322237,0.504656,-0.168194,0.355701,-0.00925594,0.617596,0.213231,0.0344,0.551475,0.138759,0.0516303,-0.168194,0.0400457,0.00398202,0.617596,0.426732,0.391679,0.168221,0.232605,0.143223,-0.168194,0.517843,0.0239167,0.617596,0.415267,0.179397,0.168221,0.56382,0.209646,0.551475,0.389139,0.174898
0.182345,0.141356,0.087058,0.605226,0.363215,0.554233,-0.124635,0.335432,0.000940599,0.702849,0.216712,0.0352266,0.605226,0.145773,0.0541561,-0.124635,0.0461234,0.00764226,0.702849,0.464484,0.440922,0.182345,0.272586,0.150667,-0.124635,0.517489,0.0306376,0.702849,0.423181,0.18703,0.182345,0.572372,0.217775,0.605226,0.393993,0.179964
0.196469,0.164246,0.0895103,0.658977,0.404193,0.60381,-0.0810766,0.315162,0.0111371,0.788102,0.216378,0.0360531,0.658977,0.152787,0.056682,-0.0810766,0.0522011,0.0113025,0.788102,0.49969,0.490166,0.196469,0.312102,0.15811,-0.0810766,0.517135,0.0373586,0.788102,0.428081,0.194664,0.196469,0.573245,0.225905,0.658977,0.398847,0.185029
0.210593,0.1856,0.0919626,0.712728,0.45231,0.653387,-0.037518,0.294893,0.0213337,0.873354,0.214965,0.0368797,0.712728,0.157695,0.0592078,-0.037518,0.0582788,0.0149627,0.873354,0.534175,0.539409,0.210593,0.351191,0.165554,-0.037518,0.51678,0.0440795,0.873354,0.432129,0.202297,0.210593,0.567086,0.234035,0.712728,0.400852,0.190095
0.224717,0.206223,0.0944149,0.766479,0.503201,0.702965,0.00604057,0.277072,0.0315302,0.958607,0.213551,0.0377063,0.766479,0.161785,0.0617337,0.00604057,0.064819,0.018623,0.958607,0.56866,0.588653,0.224717,0.389234,0.172997,0.00604057,0.511766,0.0508005,0.958607,0.436177,0.20993,0.224717,0.559405,0.242164,0.766479,0.40175,0.19516
0.238841,0.224881,0.0968672,0.82023,0.554092,0.752542,0.0495992,0.259508,0.0417267,1.04386,0.211636,0.0385328,0.82023,0.165875,0.0642595,0.0495992,0.0714078,0.0222832,1.04386,0.602978,0.637896,0.238841,0.42401,0.180441,0.0495992,0.506262,0.0575214,1.04386,0.439674,0.217564,0.238841,0.548605,0.250294,0.82023,0.402648,0.200226
0.252965,0.24228,0.0993196,0.873981,0.604983,0.802119,0.0931577,0.24283,0.0519233,1.12911,0.207085,0.0393594,0.873981,0.169965,0.0667854,0.0931577,0.0781245,0.0259434,1.12911,0.636419,0.68714,0.252965,0.456622,0.187884,0.0931577,0.499605,0.0642424,1.12911,0.440281,0.225197,0.252965,0.535957,0.258424,0.873981,0.403545,0.205292
0.267089,0.259679,0.101772,0.927732,0.655874,0.851696,0.136716,0.229985,0.0621198,1.21436,0.202024,0.0401859,0.927732,0.174055,0.0693112,0.136716,0.085395,0.0296037,1.21436,0.669851,0.736383,0.267089,0.489233,0.195328,0.136716,0.487956,0.0709633,1.21436,0.440178,0.23283,0.267089,0.523309,0.266553,0.927732,0.404443,0.210357
0.281213,0.277078,0.104224,0.981484,0.706765,0.901273,0.180275,0.217139,0.0723163,1.29962,0.195014,0.0410125,0.981484,0.178145,0.0718371,0.180275,0.0926655,0.0332639,1.29962,0.703246,0.785627,0.281213,0.521845,0.202771,0.180275,0.476308,0.0776843,1.29962,0.437377,0.240464,0.281213,0.510661,0.274683,0.981484,0.405341,0.215423
0.295336,0.294477,0.106676,1.03523,0.757656,0.95085,0.223834,0.204294,0.0825129,1.38487,0.188004,0.041839,1.03523,0.182235,0.0743629,0.223834,0.099936,0.0369241,1.38487,0.736642,0.83487,0.295336,0.554457,0.210214,0.223834,0.464659,0.0844053,1.38487,0.434575,0.248097,0.295336,0.498013,0.282813,1.03523,0.406239,0.220488
0.30946,0.309391,0.109129,1.08899,0.808546,1.00043,0.267392,0.191449,0.0927094,1.47012,0.180158,0.0426656,1.08899,0.186325,0.0768888,0.267392,0.107207,0.0405844,1.47012,0.770203,0.884114,0.30946,0.582119,0.217658,0.267392,0.453011,0.0911262,1.47012,0.430447,0.255731,0.30946,0.483187,0.290942,1.08899,0.407137,0.225554
0.323584,0.320635,0.111581,1.14274,0.859437,1.05,0.310951,0.182035,0.102906,1.55538,0.161724,0.0434922,1.14274,0.190415,0.0794146,0.310951,0.114912,0.0442446,1.55538,0.821223,0.933357,0.323584,0.602469,0.225101,0.310951,0.437712,0.0978472,1.55538,0.395441,0.263364,0.323584,0.465145,0.299072,1.14274,0.408035,0.230619
0.337708,0.33188,0.114033,1.19649,0.910328,1.09958,0.354509,0.174712,0.113102,1.64063,0.143198,0.0443187,1.19649,0.194505,0.0819405,0.354509,0.122879,0.0479049,1.64063,0.872407,0.982601,0.337708,0.622819,0.232545,0.354509,0.420249,0.104568,1.64063,0.360154,0.270997,0.337708,0.447102,0.307202,1.19649,0.408932,0.235685
0.351832,0.343124,0.116486,1.25024,0.966144,1.14916,0.398068,0.169867,0.123299,1.72588,0.124671,0.0451453,1.25024,0.193892,0.0844663,0.398068,0.131136,0.0515651,1.72588,0.923591,1.03184,0.351832,0.64317,0.239988,0.398068,0.400479,0.111289,1.72588,0.324867,0.278631,0.351832,0.429059,0.315331,1.25024,0.399227,0.24075
0.365956,0.354369,0.118938,1.30399,1.02432,1.19874,0.441626,0.166968,0.133496,1.81113,0.106145,0.0459718,1.30399,0.191022,0.0869922,0.441626,0.139613,0.0552253,1.81113,0.974775,1.08109,0.365956,0.66352,0.247432,0.441626,0.379002,0.11801,1.81113,0.28958,0.286264,0.365956,0.411017,0.323461,1.30399,0.384434,0.245816
0.38008,0.365613,0.12139,1.35774,1.0825,1.24831,0.485185,0.166236,0.143692,1.89639,0.0876187,0.0467984,1.35774,0.188151,0.089518,0.485185,0.148296,0.0588856,1.89639,1.02596,1.13033,0.38008,0.68387,0.254875,0.485185,0.355626,0.124731,1.89639,0.254293,0.293897,0.38008,0.392974,0.331591,1.35774,0.369641,0.250882
0.394204,0.372671,0.123843,1.41149,1.14068,1.29789,0.528744,0.167655,0.153889,1.98164,0.0690923,0.047625,1.41149,0.185281,0.0920438,0.528744,0.156894,0.0625458,1.98164,1.07714,1.17957,0.394204,0.695077,0.262319,0.528744,0.329957,0.131452,1.98164,0.219006,0.301531,0.394204,0.372993,0.33972,1.41149,0.354849,0.255947
0.408328,0.378634,0.126295,1.46524,1.19886,1.34747,0.572302,0.170176,0.164085,2.06689,0.0505659,0.0484515,1.46524,0.182411,0.0945697,0.572302,0.165168,0.066206,2.06689,1.12833,1.22882,0.408328,0.703893,0.269762,0.572302,0.302689,0.138173,2.06689,0.183718,0.309164,0.408328,0.352505,0.34785,1.46524,0.340056,0.261013
0.422452,0.382645,0.128747,1.51899,1.25704,1.39704,0.615861,0.173537,0.174282,2.15214,0.0320395,0.0492781,1.51899,0.179541,0.0970955,0.615861,0.171673,0.0698663,2.15214,1.17951,1.27806,0.422452,0.708258,0.277206,0.615861,0.271889,0.144894,2.15214,0.148431,0.316797,0.422452,0.331516,0.35598,1.51899,0.325263,0.266078
0.436576,0.382143,0.131199,1.57275,1.3153,1.44662,0.659419,0.176978,0.184478,2.2374,0.0135131,0.0501046,1.57275,0.176511,0.0996214,0.659419,0.178007,0.0735265,2.2374,1.2307,1.3273,0.436576,0.701794,0.284649,0.659419,0.240747,0.151615,2.2374,0.113144,0.324431,0.436576,0.310531,0.364109,1.57275,0.310079,0.271144
0.4507,0.367455,0.133652,1.6265,1.37599,1.4962,0.702978,0.18009,0.194675,2.32265,-0.00501334,0.0509312,1.6265,0.168954,0.102147,0.702978,0.183037,0.0771867,2.32265,1.28188,1.37655,0.4507,0.660669,0.292093,0.702978,0.207954,0.158336,2.32265,0.0778572,0.332064,0.4507,0.290912,0.372239,1.6265,0.2838,0.276209
0.464824,0.352766,0.136104,1.68025,1.43867,1.54578,0.746537,0.181326,0.204871,2.4079,-0.0235397,0.0517577,1.68025,0.153602,0.104673,0.746537,0.18423,0.080847,2.4079,1.33306,1.42579,0.464824,0.619543,0.299536,0.746537,0.17121,0.165057,2.4079,0.0425701,0.339697,0.464824,0.271292,0.380369,1.68025,0.237568,0.281275
0.478948,0.338078,0.138556,1.734,1.5019,1.59535,0.790095,0.181328,0.215068,2.49315,-0.0420661,0.0525843,1.734,0.135964,0.107199,0.790095,0.183487,0.0845072,2.49315,1.38425,1.47504,0.478948,0.578417,0.306979,0.790095,0.132756,0.171778,2.49315,0.007283,0.347331,0.478948,0.251673,0.388498,1.734,0.185477,0.28634
0.493072,0.323389,0.141009,1.78775,1.56513,1.64493,0.833654,0.181331,0.225264,2.57841,-0.0605926,0.0534109,1.78775,0.118326,0.109725,0.833654,0.182743,0.0881675,2.57841,1.43543,1.52428,0.493072,0.537291,0.314423,0.833654,0.094302,0.178499,2.57841,-0.0280041,0.354964,0.493072,0.232053,0.396628,1.78775,0.133387,0.291406
0.507196,0.308701,0.143461,1.8415,1.62836,1.69451,0.877212,0.168124,0.235461,2.66366,-0.079119,0.0542374,1.8415,0.100688,0.112251,0.877212,0.167369,0.0918277,2.66366,1.48662,1.57352,0.507196,0.496165,0.321866,0.877212,0.0468518,0.18522,2.66366,-0.0632912,0.362598,0.507196,0.212434,0.404758,1.8415,0.0812966,0.296472
0.521319,0.294012,0.145913,1.89525,1.69158,1.74408,0.920771,0.154342,0.245657,2.74891,-0.0976454,0.055064,1.89525,0.0830503,0.114776,0.920771,0.151357,0.0954879,2.74891,1.5378,1.62277,0.521319,0.455039,0.32931,0.920771,-0.000990834,0.191941,2.74891,-0.0985783,0.370231,0.521319,0.192814,0.412887,1.89525,0.0292061,0.301537
0.535443,0.279324,0.148366,1.949,1.75481,1.79366,0.96433,0.140559,0.255854,2.83416,-0.116172,0.0558905,1.949,0.0654125,0.117302,0.96433,0.135345,0.0991482,2.83416,1.58898,1.67201,0.535443,0.413913,0.336753,0.96433,-0.0488334,0.198662,2.83416,-0.133865,0.377864,0.535443,0.173195,0.421017,1.949,-0.0228843,0.306603
0.549567,0.264635,0.150818,2.00275,1.81804,1.84324,1.00789,0.126777,0.26605,2.91942,-0.134698,0.0567171,2.00275,0.0477746,0.119828,1.00789,0.119333,0.102808,2.91942,1.64017,1.72125,0.549567,0.372787,0.344197,1.00789,-0.096676,0.205382,2.91942,-0.169152,0.385498,0.549567,0.153575,0.429147,2.00275,-0.0749748,0.311668
0.563691,0.249947,0.15327,2.05651,1.88127,1.89282,1.05145,0.112995,0.276247,3.00467,-0.153225,0.0575437,2.05651,0.0301368,0.122354,1.05145,0.103321,0.106469,3.00467,1.69135,1.7705,0.563691,0.331662,0.35164,1.05145,-0.144519,0.212103,3.00467,-0.20444,0.393131,0.563691,0.133956,0.437276,2.05651,-0.127065,0.316734
0.577815,0.235258,0.155723,2.11026,1.9445,1.94239,1.09501,0.0937778,0.286444,3.08992,-0.171751,0.0583702,2.11026,0.0124989,0.12488,1.09501,0.0821344,0.110129,3.08992,1.74254,1.81974,0.577815,0.290536,0.359084,1.09501,-0.194779,0.218824,3.08992,-0.239727,0.400764,0.577815,0.114336,0.445406,2.11026,-0.179156,0.321799
0.591939,0.22057,0.158175,2.16401,2.00773,1.99197,1.13856,0.0585229,0.29664,3.17518,-0.190277,0.0591968,2.16401,-0.00513896,0.127406,1.13856,0.0456756,0.113789,3.17518,1.79372,1.86898,0.591939,0.24941,0.366527,1.13856,-0.252173,0.225545,3.17518,-0.275014,0.408398,0.591939,0.0947168,0.453536,2.16401,-0.231246,0.326865
0.606063,0.205881,0.160627,2.21776,2.07096,2.04155,1.18212,0.023268,0.306837,3.26043,-0.208804,0.0600233,2.21776,-0.0227768,0.129932,1.18212,0.00921676,0.117449,3.26043,1.8449,1.91823,0.606063,0.208284,0.373971,1.18212,-0.309568,0.232266,3.26043,-0.310301,0.416031,0.606063,0.0750973,0.461665,2.21776,-0.283337,0.33193
0.620187,0.191193,0.163079,2.27151,2.13501,2.09112,1.22568,-0.0239459,0.317033,3.34568,-0.22733,0.0608499,2.27151,-0.0499089,0.132457,1.22568,-0.0378483,0.12111,3.34568,1.89609,1.96747,0.620187,0.167158,0.381414,1.22568,-0.371093,0.238987,3.34568,-0.345588,0.423664,0.620187,0.0554778,0.469795,2.27151,-0.360339,0.336996
0.634311,0.176504,0.165532,2.32526,2.19967,2.1407,1.26924,-0.0961559,0.32723,3.43093,-0.245857,0.0616764,2.32526,-0.0841184,0.134983,1.26924,-0.106325,0.12477,3.43093,1.94727,2.01671,0.634311,0.126032,0.388858,1.26924,-0.440103,0.245708,3.43093,-0.380875,0.431298,0.634311,0.0358583,0.477925,2.32526,-0.455911,0.342061
0.648435,0.161816,0.167984,2.37901,2.26434,2.19028,1.3128,-0.168366,0.337426,3.51619,-0.264383,0.062503,2.37901,-0.118328,0.137509,1.3128,-0.174801,0.12843,3.51619,1.99846,2.06596,0.648435,0.0849063,0.396301,1.3128,-0.509112,0.252429,3.51619,-0.416162,0.438931,0.648435,0.0162388,0.486054,2.37901,-0.551484,0.347127
0.662559,0.147128,0.170436,2.43276,2.329,2.23986,1.35636,-0.240576,0.347623,3.60144,-0.286362,0.0633296,2.43276,-0.152537,0.140035,1.35636,-0.243277,0.13209,3.60144,2.06542,2.1152,0.662559,0.0437805,0.403744,1.35636,-0.578122,0.25915,3.60144,-0.470779,0.446564,0.662559,-0.00338064,0.494184,2.43276,-0.647056,0.352193
0.676683,0.115966,0.172889,2.48651,2.39367,2.28943,1.39992,-0.312786,0.357819,3.68669,-0.312494,0.0641561,2.48651,-0.186747,0.142561,1.39992,-0.311754,0.135751,3.68669,2.15136,2.16444,0.676683,-0.0392182,0.411188,1.39992,-0.647131,0.265871,3.68669,-0.548638,0.454198,0.676683,-0.0179159,0.502314,2.48651,-0.742629,0.357258
0.690807,0.0798021,0.175341,2.54027,2.45833,2.33901,1.44347,-0.384996,0.368016,3.77194,-0.338625,0.0649827,2.54027,-0.220956,0.145087,1.44347,-0.38023,0.139411,3.77194,2.23729,2.21369,0.690807,-0.134933,0.418631,1.44347,-0.716141,0.272592,3.77194,-0.626497,0.461831,0.690807,-0.0309072,0.510443,2.54027,-0.838201,0.362324
