<TT>   Detected outliers (N=34)                                                        
       ================================================================================

<TH>   USUBJID | ID | TIME              | TAD | DV                  | ERES             
       --------------------------------------------------------------------------------
<TR>   1       | 1  | 2.63625246158135  | NA  | 2.85532512886949    | -10.3846660195795
<TR>   6       | 6  | 4.01408450704224  | NA  | 0.126957551076053   | -15.0028551537925
<TR>   7       | 7  | 2.85930408472012  | NA  | 0.873326162382844   | -19.949595794187 
<TR>   7       | 7  | 5.58245083207262  | NA  | 0.107006895569317   | -10.8139236718732
<TR>   8       | 8  | 9.01096946817884  | NA  | 0.178588368255003   | -6.0802940488151 
<TR>   9       | 9  | 0.229007633587788 | NA  | 47.2668012844669    | 14.5708604826523 
<TR>   10      | 10 | 0.001             | NA  | 41.4616955979681    | -136.064876324076
<TR>   12      | 12 | 0.001             | NA  | 81.9020547985053    | -95.0519430968764
<TR>   12      | 12 | 0.545454545454561 | NA  | 58.7200108517273    | -12.909362700228 
<TR>   12      | 12 | 1.45454545454544  | NA  | 34.4803967442691    | 28.03567704139   
<TR>   12      | 12 | 5.27272727272728  | NA  | 10.4073710953022    | 8.54335363164329 
<TR>   13      | 13 | 3.0040361330002   | NA  | 75.2811989206528    | 70.6490321414632 
<TR>   13      | 13 | 9.00518931385739  | NA  | 32.163339711465     | 32.1091077933381 
<TR>   14      | 14 | 1.75695461200587  | NA  | 93.2206646621993    | 59.599675472181  
<TR>   14      | 14 | 3.29428989751096  | NA  | 61.1766041180644    | 63.8831494243706 
<TR>   14      | 14 | 4.1727672035139   | NA  | 0.207526313214506   | -8.10843529072398
<TR>   14      | 14 | 5.05124450951683  | NA  | 0.136190351716655   | -17.884719245218 
<TR>   14      | 14 | 7.68667642752564  | NA  | 5.62341325190351    | -10.7514242576958
<TR>   14      | 14 | 10.3221083455344  | NA  | 0.00765854628624835 | -6.20962729116959
<TR>   15      | 15 | 0.675893479187685 | NA  | 107.267262737273    | -32.3450837356298
<TR>   15      | 15 | 2.56631554866953  | NA  | 18.3238255578015    | 16.8582887110302 
<TR>   15      | 15 | 4.1021535006083   | NA  | 9.03226282618097    | 7.85563705011717 
<TR>   15      | 15 | 8.33844586093232  | NA  | 9.66433413621709    | 9.6564585938072  
<TR>   15      | 15 | 11.8822073641194  | NA  | 27.810422890868     | 27.7839222099567 
<TR>   15      | 15 | 16.9607669831235  | NA  | 42.3349286599864    | 42.3344859004111 
<TR>   15      | 15 | 17.4578086493569  | NA  | 92.03853099441      | 92.0028857089834 
<TR>   16      | 16 | 0.001             | NA  | 37.2007886752862    | -42.3044609978598
<TR>   17      | 17 | 0.001             | NA  | 100                 | 37.7487858571245 
<TR>   18      | 18 | 0.001             | NA  | 468.523854273687    | 437.37022422066  
<TR>   19      | 19 | 0.001             | NA  | 43.5065070307563    | 85.0215929060283 
<TR>   19      | 19 | 5.60413354531     | NA  | 8.23498193126803    | 8.22198312009544 
<TR>   20      | 20 | 0.001             | NA  | 46.199167140104     | 29.2669002339517 
<TR>   20      | 20 | 3.41655716162938  | NA  | 3.95877642760779    | -9.68863764776798
<TR>   20      | 20 | 6.9645203679369   | NA  | 0.256174905909096   | -8.4234929172506 
       --------------------------------------------------------------------------------
<TF>    N=34 outliers detected.<br>Rule for outlier detection: (|ERES| > 6)            
